0.5063
0.5427
0.3697
0.3278
0.3099
0.2997
0.2923
0.2878
0.2850
0.2823
0.2805
0.2785
0.2778
0.2775
0.2766
0.2757
0.2749
0.2741
0.2736
0.2729
0.2722
0.2718
0.2712
0.2707
0.2703
0.2700
0.2700
0.2694
0.2691
0.2689
0.2687
0.2685
0.2682
0.2680
0.2678
0.2676
0.2675
0.2674
0.2673
0.2671
0.2670
0.2669
0.2667
0.2666
0.2665
0.2663
0.2662
0.2662
0.2661
0.2661
0.2660
0.2660
0.2660
0.2659
0.2659
0.2659
0.2659
0.2658
0.2658
0.2658
0.2658
0.2657
0.2657
0.2657
0.2657
0.2657
0.2656
0.2656
0.2656
0.2656
0.2656
0.2655
0.2655
0.2655
0.2655
0.2654
0.2654
0.2654
0.2654
0.2654
0.2654
0.2654
0.2653
0.2653
0.2653
0.2653
0.2653
0.2653
0.2653
0.2653
0.2653
0.2653
0.2653
0.2652
0.2652
0.2652
0.2652
0.2652
0.2652
0.2652
