3.592539475822280171e+00
2.401782518036442049e+00
8.029743366808671512e-01
2.052711437325933641e-01
6.507162854730842716e-02
4.915076641954915782e-02
3.488131797888015945e-02
3.676715358800680677e-02
2.915396547515483605e-02
7.944726085933015089e-03
9.373730903885872656e-03
3.703715315950053405e-02
4.422680829318816065e-02
1.596317337924548982e-02
9.288796189922716648e-03
4.976578271728870038e-03
3.266798139704248181e-03
2.761311785240227242e-03
1.384021724712780968e-02
8.576775932915418552e-03
1.677626971867971634e-02
3.803166610146010724e-03
2.490725916707149483e-03
2.332078599769484960e-03
1.716337065848266581e-03
2.997845989668117706e-03
3.842935736544263181e-02
1.154769166471463632e-02
4.743738174789338333e-03
2.690005340094965298e-03
2.066589786093047179e-03
1.191021223617644590e-03
1.644810890721776307e-03
3.362997057884704356e-03
3.340340609056703311e-03
6.433914748029439384e-03
3.014958798887774384e-03
2.091938607839230989e-03
1.732753243076911101e-03
1.377411264948678708e-03
1.302123991130685852e-03
1.076484942622978969e-03
1.012337585968504277e-03
9.451226824022464267e-04
1.063792868111241349e-03
4.753321067459521606e-04
1.182007280109765570e-03
1.029250884066864420e-03
5.424211592236695845e-04
5.041260309741657552e-04
2.642423167505425518e-04
7.550780399341831947e-04
2.623947711475608634e-03
1.822677527539116535e-03
1.028312313591977665e-03
5.562353952464590186e-04
3.840785587171776576e-04
3.088249851441728045e-04
2.687799729075037152e-04
3.174120252517916951e-04
2.871767785155109444e-04
1.941809041958151866e-04
1.935107134614569421e-04
1.816370552582529253e-04
1.888292066836589885e-04
1.854337413116106329e-04
1.862959167471951694e-04
1.925218432287661584e-04
2.070584317272987493e-04
2.302899908870202259e-04
2.623456056190683863e-04
2.804078663849647341e-04
3.470560446686722905e-04
3.759141978155699474e-04
3.837471861944877628e-04
3.621554199104049681e-04
3.208391181656625939e-04
2.962526537144819015e-04
3.552938382556477441e-04
8.682980495364613993e-04
5.838194727009887730e-04
5.237691462358117552e-04
4.803669262281022199e-04
3.264175799871695807e-04
2.465076928225795562e-04
1.866324893456315051e-04
1.445032701921115318e-04
1.171144405367030952e-04
5.217288587502030579e-04
8.381387403440361485e-05
8.933301808008870253e-05
1.094908233810469074e-04
1.423486010943353440e-04
2.290819780967698750e-04
3.325259117044764728e-04
8.038998590983080722e-04
1.377117448916083311e-03
3.596749497890950145e-04
2.672550582230551089e-04
2.019601647316593277e-04
