4.283898058621293359e+00
2.136659243022874577e+00
8.574135916623455422e-01
7.041702659184163604e-01
3.483733442752175447e-01
2.116985918340622552e-01
1.395173263612525250e-01
9.313714030630730611e-02
6.356094217909256938e-02
5.943534838107956270e-02
2.858579032745556248e-02
2.039580529551981644e-02
1.463746725451527640e-02
3.045860200604761162e-02
2.577213550697859262e-02
1.087191989823617019e-02
5.057652782022237052e-03
4.567631659384837478e-03
4.712257446129381779e-03
3.873877185702250849e-03
3.048765567054466039e-03
2.754858813662435825e-03
2.105256952170750026e-03
1.648231511213380657e-03
1.111662063605187980e-03
8.831514866111964211e-04
6.091220084559910344e-04
2.752730093943435603e-03
9.437112773540200315e-04
5.364823135052727583e-04
1.551370309824791848e-04
8.987836941360443830e-05
5.698099951493316789e-05
3.826778930692695192e-05
2.939025061458660023e-05
2.414209578208042134e-05
1.982167536076228124e-05
1.596888275775088680e-05
1.265581866364696934e-05
9.928289468118358245e-06
7.747075663434290979e-06
6.030003391381426549e-06
4.688217043630006539e-06
3.642926178351773395e-06
2.829684862945321088e-06
2.197429837933165658e-06
1.706135288848783510e-06
1.324527613087658473e-06
1.028204922746525946e-06
7.981507247892062356e-07
