2.940655105213178522e-01
7.481501331912200348e-01
4.875005394078075205e-01
3.311424640444130540e-01
2.423505188863510074e-01
3.914707398510748892e-01
2.140808151247293456e-01
1.576665104905091985e-01
3.442006025851401807e-01
1.294367132137070053e-01
1.763935941853912170e-01
2.486176789543490528e-01
2.324631270512906578e-01
1.917985035944022865e-01
1.376639704352540794e-01
1.005332201714396467e-01
8.131075491400406585e-02
6.446443196466815351e-02
5.179221128631934790e-02
4.850551382890635338e-02
3.833760787020205202e-02
2.889836736841260301e-01
1.440966053458035412e-01
7.165458678947676796e-02
8.175143942040044576e-02
1.003592609757522763e-01
9.983744242152849113e-02
1.810933314583025588e-01
8.541130723073234177e-02
5.950845158947765806e-02
4.524482877407667164e-02
5.250107516293208570e-02
7.123846398314320760e-02
4.402223107506489375e-02
5.138390000713281142e-02
7.504682812825987093e-02
3.366656780098727098e-02
3.012728986545946258e-02
2.465388446268355210e-02
5.614068950084975806e-02
4.830782474997426246e-02
3.208853387097152648e-02
2.814855172053135762e-02
1.824523511462689679e-02
1.857996095347943383e-02
1.900111155394665352e-02
2.116625114297912558e-02
1.834404473240854733e-02
1.278045922816053136e-02
9.224160659703059886e-03
8.417803639371126967e-03
7.290163099878631259e-02
2.670085838378148668e-02
2.303064360397309024e-02
1.771871437069295896e-02
1.048716439342371048e-02
8.749461489624023661e-03
1.193501898228967184e-02
1.185606570972955881e-02
1.079963209583845174e-02
1.630626145761614534e-02
1.119358434869457269e-02
1.085037772280415119e-02
4.960297035953795813e-02
2.531206540720033760e-02
1.913974941096133198e-02
1.377110533710205684e-02
8.361017640498779116e-03
6.394559832450325866e-03
8.175702066615648730e-03
8.073258861878356701e-03
8.392452030414970787e-03
5.810162346280837997e-03
4.576337710995009161e-03
4.392432154437038612e-03
2.059313346694235936e-01
1.114809603499756219e-01
7.796363808162638798e-02
5.649478966971385741e-02
9.179414822850794076e-02
4.289685089730998352e-02
4.080154848864692152e-02
3.824359402349257475e-02
3.139759168633227127e-02
2.544055483166673959e-02
2.163244492256028578e-02
1.865875701623240929e-02
1.512722240797193321e-02
1.205439101696176470e-02
4.711484411232656072e-02
6.107312549977772509e-02
3.270813858681714120e-02
3.481273348500329989e-02
7.853602094113529275e-02
1.973112942464319286e-01
1.195398398442349547e-01
1.585128427189725631e-01
1.382112824635972070e-01
7.459845052058178272e-02
2.431301501709397933e-02
1.853587870579116031e-02
1.354136417914004499e-02
1.085721511537750608e-02
8.360685159999067459e-03
6.490283864066682257e-03
5.140059830506700511e-03
4.227360459058270015e-03
4.047165349149308561e-03
2.850803615861695686e-03
2.215712184588591264e-03
1.772890922852014047e-03
1.531595394788883620e-03
1.510106640850275832e-03
1.244967297673720561e-03
1.536109123337383838e-03
1.056616348576280926e-03
1.046778409591972263e-03
1.102821769540536468e-03
1.265674914694211051e-03
1.038706183917344813e-03
8.218511350590202444e-04
5.686235487659041174e-04
6.687505420543672858e-04
9.388124945715026985e-04
1.024553097052236569e-03
9.461162651816706686e-04
8.535802747847919762e-04
1.028038159850472484e-03
9.358092776361150644e-04
7.053272966115414853e-04
5.588274263914980861e-04
4.409203746417354134e-04
