0.9986
0.9885
0.9776
0.9663
0.9526
0.9058
0.8765
0.8467
0.7562
0.7077
0.6614
0.6148
0.5688
0.5268
0.4897
0.4577
0.4303
0.4064
0.3854
0.3665
0.3494
0.3085
0.2918
0.2752
0.2594
0.2440
0.2294
0.2164
0.2072
0.1987
0.1909
0.1838
0.1775
0.1720
0.1667
0.1619
0.1579
0.1539
0.1502
0.1466
0.1434
0.1406
0.1380
0.1355
0.1330
0.1306
0.1283
0.1261
0.1239
0.1218
0.1198
0.1178
0.1164
0.1151
0.1137
0.1123
0.1110
0.1097
0.1085
0.1072
0.1060
0.1048
0.1036
0.1025
0.1017
0.1009
0.1002
0.0994
0.0986
0.0979
0.0971
0.0964
0.0956
0.0949
0.0942
0.0892
0.0894
0.0892
0.0886
0.0878
0.0874
0.0868
0.0860
0.0853
0.0845
0.0836
0.0829
0.0821
0.0813
0.0806
0.0801
0.0798
0.0795
0.0793
0.0830
0.0817
0.0826
0.0822
0.0813
0.0803
0.0799
0.0798
0.0798
0.0798
0.0797
0.0797
0.0797
0.0797
0.0797
0.0797
0.0797
0.0796
0.0796
0.0796
0.0796
0.0796
0.0796
0.0796
0.0796
0.0796
0.0796
0.0796
0.0796
0.0796
0.0796
0.0796
0.0795
0.0795
0.0795
0.0795
0.0795
0.0795
