7.954042647342280503e+00
4.080871559168178564e+00
3.551187595349957427e+00
3.005714059508467706e+00
2.571942301932965691e+00
2.241524959559521246e+00
1.974420429837130397e+00
1.771278316060202807e+00
1.612926184547541109e+00
1.466993718330616314e+00
1.315316293579635198e+00
1.194108413146675707e+00
1.087728057108634960e+00
9.973366477831192567e-01
9.126014763332768176e-01
8.342140118831535833e-01
7.651515316935567634e-01
7.032543869693287375e-01
6.473285995932123171e-01
5.970143710294427697e-01
5.519600963021771278e-01
5.121247262531065658e-01
4.755757566171690542e-01
4.420026912852261236e-01
4.111235259635236949e-01
3.826719524194950317e-01
3.564343838268932974e-01
3.322000821205693399e-01
3.097713914943036051e-01
2.890212508213448883e-01
2.697912795080082415e-01
2.519514596693435693e-01
2.354296645576290925e-01
2.199893788509037496e-01
2.056877250613000918e-01
1.923737176681499517e-01
1.799957224167344771e-01
1.684797367427977588e-01
1.577626613162575464e-01
1.477819367601135303e-01
1.382396157604834086e-01
1.296806151843977184e-01
1.218167876322339555e-01
1.145171442588257121e-01
1.076868796114508059e-01
1.012900479649900543e-01
9.527857465201773624e-02
8.963623334381545793e-02
8.434909774158191875e-02
7.937141782217710384e-02
