0.6655
0.8628
0.8368
0.8375
0.8378
0.8389
0.8361
0.8342
0.8352
0.8349
0.8347
0.8345
0.8345
0.8345
0.8346
0.8344
0.8344
0.8343
0.8343
0.8343
0.8343
0.8343
0.8343
0.8343
0.8343
0.8343
0.8343
0.8343
0.8343
0.8343
0.8343
0.8343
0.8343
0.8343
0.8343
0.8343
0.8343
0.8343
0.8343
0.8343
0.8343
0.8343
0.8343
0.8343
0.8343
0.8343
0.8343
0.8343
0.8343
0.8343
0.8343
0.8343
0.8343
0.8343
0.8343
0.8343
0.8343
0.8343
0.8343
0.8343
0.8343
0.8343
0.8343
0.8343
0.8343
0.8343
0.8343
0.8343
0.8343
0.8343
0.8343
0.8343
0.8343
0.8343
0.8343
0.8343
0.8343
0.8343
0.8343
0.8343
0.8343
0.8343
0.8343
0.8343
0.8343
0.8343
0.8343
0.8343
0.8343
0.8343
0.8343
0.8343
0.8343
0.8343
0.8343
0.8343
0.8343
0.8343
0.8343
0.8343
