4.606511216504290296e+00
4.726050823948290125e-01
3.864838091498885575e-01
1.654882551428156212e-01
1.783532682667526847e-01
4.779887002757331887e-02
4.575343512002649771e-02
1.388135204462445371e-01
4.423612127153709467e-02
2.248989064489485129e-02
2.030751746233188867e-02
9.752039578112190604e-03
2.630165409295235571e-03
5.385777216781126482e-03
2.230958099946049600e-02
1.724518537225774167e-02
1.177026728517113069e-02
6.839395847506233445e-03
3.411845983380293150e-03
1.237819003964223943e-03
3.684265309125905798e-03
3.373491703426367231e-03
2.637518133339315871e-03
1.769834889798974163e-03
1.094104494851245307e-03
5.692311639370872247e-04
2.293450038763556376e-04
6.276200679787806295e-05
9.820330197844659708e-05
1.084712567196206173e-04
9.133025192233358808e-05
6.436205051017981091e-05
3.865945572183389670e-05
1.893197090493036540e-05
6.158972829646603179e-06
1.470348670428973775e-06
4.001416845238662905e-06
4.418751365824320202e-06
3.674033871593864161e-06
2.563796008876476494e-06
1.526505093552302608e-06
7.434366475378495154e-07
2.450106846370273155e-07
7.548063725954094642e-08
1.608848288305086438e-07
1.736387930801094917e-07
1.428353621903008916e-07
9.872062092934252588e-08
5.803659353776173459e-08
2.758181808144994372e-08
8.298088752936373971e-09
2.883862938587965340e-09
6.578520582390049297e-09
6.965463712544164620e-09
5.665482333733147996e-09
3.883114984065165575e-09
2.265125977738392971e-09
1.066571738666097711e-09
3.179909743208283712e-10
1.326525624680121936e-10
2.654898006586077371e-10
2.753591352628594819e-10
2.215755528499755809e-10
1.504618501270187642e-10
8.676203735536161128e-11
3.999746111552925832e-11
1.101913486939063796e-11
5.581602857510702618e-12
1.079380911837373715e-11
1.098397607937255181e-11
8.742760318236148962e-12
5.886656561804389083e-12
3.363790414552596167e-12
1.530375103763552422e-12
4.082455368807844287e-13
2.439856996419831094e-13
4.359872816931550347e-13
4.352829255986629426e-13
3.425147252140572404e-13
2.283802973217191341e-13
1.291393172919516994e-13
5.663356362801925047e-14
1.498101890845138165e-14
1.033879357843298408e-14
1.803352179074742213e-14
1.687538997430237941e-14
1.338175718974042971e-14
8.747542958250512804e-15
5.121486610213742001e-15
2.598965467441788508e-15
4.440892098500626162e-16
8.005932084973441942e-16
1.110223024625156540e-15
4.440892098500626162e-16
4.965068306494546235e-16
2.220446049250313081e-16
0.000000000000000000e+00
2.220446049250313081e-16
9.155133597044474904e-16
9.930136612989092471e-16
