2.912454763407877345e-01
4.312846791660521206e-01
3.428855347990333313e-01
2.378152387330580708e-01
1.839194264921431010e-01
2.918645048703170652e-01
2.059892238213034688e-01
1.357592702352453939e-01
1.337518429993354574e-01
1.306910176208673224e-01
1.049440733229532602e-01
7.876152352816774560e-02
2.313439597759144317e-01
1.224508914490330808e-01
6.278837653347646430e-02
9.748522703081673180e-02
1.052988849165588936e-01
9.097692969955162301e-02
6.869200636087140210e-02
4.892953833375077166e-02
3.406101259650531204e-02
2.659835588051692040e-02
2.029784496785448922e-01
1.124744851377838806e-01
5.175593555340052970e-02
6.276520814377120616e-02
8.330021466304524114e-02
8.111906228196111290e-02
6.211927296508414076e-02
4.068680105833583083e-02
2.617219620232516183e-02
1.980320959019794130e-02
2.335248508699277678e-02
2.335725624902984521e-02
2.411610655736880215e-02
2.258445123015304437e-02
1.952691203349997753e-02
1.613187621670247873e-02
1.240589216868356014e-02
1.100413507901946454e-02
9.878676289566901136e-03
9.163751033578037414e-03
8.789967329507352919e-03
9.488141008193834783e-03
1.129457941038892327e-02
9.176416842556218978e-03
7.795522529286215592e-03
6.417356298115358716e-03
1.130321208187229365e-01
6.636223342970198891e-02
3.419435000658044288e-02
2.369989806120919099e-02
3.381036975577244447e-02
4.397630690898793326e-02
7.657742542629072946e-02
3.489478243643293759e-02
2.702691981865168805e-02
2.030189013080187579e-02
1.216173781614138770e-02
9.557942169364383456e-03
1.209287532207123372e-02
1.532911618276320762e-02
1.549854735674513311e-02
1.569903872624323071e-02
3.834505030346967158e-02
1.916001658442009412e-02
1.566320660571547327e-02
1.237328689629716739e-02
8.729600233241419788e-03
8.354805005536284843e-03
9.835502138667627167e-03
4.209378716150707217e-02
1.331084480387250031e-02
1.298175484777180401e-02
1.067544592770658038e-02
7.214819844086925275e-03
4.603768892331919563e-03
4.718589729244030209e-03
6.006527103724894345e-03
6.632652330715246153e-03
6.158531372655400536e-03
4.897907394020467250e-03
5.160384742980450232e-03
4.529106230187098306e-03
3.229419481816232784e-02
1.028079392731416457e-02
1.148154246994639860e-02
1.047083323639728947e-02
7.956169036302000383e-03
5.085523834539111207e-03
3.388321750482342631e-03
3.756947831514737338e-03
6.390247807155261840e-03
8.739866493508573198e-03
8.465592058917181112e-03
6.591669848267907826e-03
4.568615410345595873e-03
3.060497330853043877e-03
2.305825486142728999e-03
2.476142578968607184e-03
2.837307060874811118e-03
3.009016158089812716e-03
3.105098730439056608e-03
3.932568720734343735e-03
5.127855955774356968e-03
4.502008157734666526e-03
3.054542325388891113e-03
2.216176732894129323e-03
4.567764527835517681e-03
5.658608173940126058e-03
5.640220507208634076e-03
4.610949918948366658e-03
3.254996451443246518e-03
2.656523578739949671e-03
3.209406668201426633e-03
2.387294607857177228e-03
1.357087065865312039e-02
1.465446737395193801e-02
8.083999254196583620e-03
8.215327959515295042e-03
6.890001534239359113e-03
4.702901732806727408e-03
2.436865453634585055e-03
3.717250119784277617e-03
5.290870124571584419e-03
5.243078059268254341e-03
4.809803231011672113e-03
3.655349251210692017e-03
3.294126555876126898e-03
2.242233869891297176e-03
1.707107800357343360e-03
1.501406213628440293e-03
1.630471073553167120e-03
1.784197269268421315e-03
2.039875609875653906e-03
2.065097343949642318e-03
1.747885427569947350e-03
1.280393144487637896e-03
9.456422573845610488e-04
6.473079077686788585e-02
5.036488043620152705e-02
3.568920822587662994e-02
2.359232966205276893e-02
2.064472842269322178e-02
1.936510246365968566e-02
2.282508312368444411e-02
3.079367352266722604e-02
1.637846868937382905e-02
1.753232742590566523e-02
1.706789548252570302e-02
1.522000507097109184e-02
1.277576476330976631e-02
1.070698266352564793e-02
9.216070276754540977e-03
7.812648599361380133e-03
6.936298170254904388e-03
6.831495804226671298e-03
7.168621750405717620e-03
7.387846491669624281e-03
7.055679983001985831e-03
6.414374359003638046e-03
5.428666977831638971e-03
4.385798338466240058e-03
3.590860611682257335e-03
3.258428343083949116e-03
3.303680607871377177e-03
3.296604593377136343e-03
3.645147923187207727e-03
3.939707035386404502e-03
3.922022006664172521e-03
3.778973034268559485e-03
3.575153488627844101e-03
4.074182821350114635e-03
4.672961357866753374e-03
4.727693590183297892e-03
4.217590466944274273e-03
3.105994445186621364e-02
9.318228564405376183e-03
1.005086138557138332e-02
1.058454718728256416e-02
9.741432821539885989e-03
8.014935869790969225e-03
6.032241016844135280e-03
4.585037117917518772e-03
3.674366674580517838e-03
3.390829111502157919e-03
3.757715380667890452e-03
4.362407255228666764e-03
4.832474934436521881e-03
4.976298511069524901e-03
4.731545567628369850e-03
4.131452606583935726e-03
3.177926135484114133e-03
2.598544286559604979e-03
2.375126609130734541e-03
2.534925162755555499e-03
2.809963285405543774e-03
3.074067455456215917e-03
3.276864577048397772e-03
3.090837934092353738e-03
2.715152228581082204e-03
2.205633405093165422e-03
1.667044475679474013e-03
1.043383916674943358e-03
8.073267060777972789e-04
1.030329712297793632e-03
1.414178886765535444e-03
1.792734649668091280e-03
1.894013529435643276e-03
1.926390570206932933e-03
1.852556886642666616e-03
1.546260362318364369e-03
1.470149302725690024e-03
2.668058886892490066e-03
3.699524927672880829e-03
4.231519819092300488e-03
2.518673330611862285e-02
9.153110730603770950e-03
8.832512182137437773e-03
9.599230884975626030e-03
9.797003170651534878e-03
9.185108415545121738e-03
7.488436069977524867e-03
5.706017366330230767e-03
4.335507248253356836e-03
3.476180404705310652e-03
3.064313403665717538e-03
2.110241780829757649e-02
5.733079493103229035e-02
7.191405786944704559e-02
5.920490157592828845e-02
3.259431247106196750e-02
6.403260695585501552e-03
4.317077707665264823e-03
4.613482272614918833e-03
2.428568886168279688e-03
1.907320865058750219e-03
2.112884460453114642e-03
1.913317946365600784e-03
1.600741064802545851e-03
1.351299485589153989e-03
1.085117212534591948e-03
1.222730507522698344e-03
1.128917431953815930e-03
1.174129794832648368e-03
8.622455352914017894e-04
8.361512123704265128e-04
7.927586224044170290e-04
9.604236306052066872e-04
8.472457301439500175e-04
7.992433681905087260e-04
6.257634338668632184e-04
4.969334431595336674e-04
