0.9762
0.9180
0.8704
0.8346
0.7992
0.7129
0.6681
0.6275
0.5874
0.5481
0.5111
0.4779
0.4084
0.3772
0.3510
0.3258
0.3013
0.2786
0.2586
0.2414
0.2265
0.2135
0.1847
0.1720
0.1609
0.1504
0.1403
0.1308
0.1222
0.1146
0.1079
0.1021
0.0970
0.0925
0.0884
0.0846
0.0811
0.0778
0.0749
0.0721
0.0696
0.0672
0.0650
0.0629
0.0610
0.0591
0.0574
0.0558
0.0516
0.0495
0.0477
0.0459
0.0441
0.0422
0.0406
0.0393
0.0381
0.0370
0.0359
0.0350
0.0340
0.0331
0.0323
0.0315
0.0308
0.0301
0.0295
0.0289
0.0283
0.0278
0.0272
0.0268
0.0264
0.0259
0.0255
0.0252
0.0248
0.0244
0.0241
0.0237
0.0234
0.0231
0.0227
0.0224
0.0221
0.0219
0.0217
0.0214
0.0212
0.0210
0.0208
0.0205
0.0203
0.0201
0.0199
0.0197
0.0195
0.0193
0.0192
0.0190
0.0188
0.0186
0.0184
0.0183
0.0181
0.0179
0.0178
0.0176
0.0175
0.0173
0.0172
0.0170
0.0169
0.0168
0.0166
0.0165
0.0164
0.0163
0.0162
0.0161
0.0160
0.0159
0.0158
0.0157
0.0156
0.0155
0.0154
0.0153
0.0152
0.0151
0.0151
0.0150
0.0149
0.0148
0.0147
0.0146
0.0146
0.0145
0.0144
0.0140
0.0139
0.0138
0.0137
0.0136
0.0135
0.0134
0.0133
0.0132
0.0131
0.0130
0.0129
0.0128
0.0128
0.0127
0.0126
0.0125
0.0124
0.0123
0.0123
0.0122
0.0121
0.0120
0.0119
0.0119
0.0118
0.0117
0.0117
0.0116
0.0115
0.0115
0.0114
0.0113
0.0113
0.0112
0.0111
0.0111
0.0110
0.0110
0.0109
0.0109
0.0109
0.0108
0.0108
0.0107
0.0107
0.0107
0.0106
0.0106
0.0105
0.0105
0.0105
0.0104
0.0104
0.0104
0.0103
0.0103
0.0103
0.0102
0.0102
0.0102
0.0101
0.0101
0.0101
0.0100
0.0100
0.0100
0.0099
0.0099
0.0099
0.0098
0.0098
0.0098
0.0097
0.0097
0.0097
0.0096
0.0096
0.0096
0.0096
0.0096
0.0096
0.0095
0.0095
0.0095
0.0095
0.0095
0.0095
0.0095
0.0096
0.0097
0.0096
0.0096
0.0095
0.0095
0.0095
0.0095
0.0095
0.0095
0.0095
0.0095
0.0095
0.0095
0.0095
0.0095
0.0095
0.0095
0.0095
0.0095
0.0095
0.0095
0.0095
0.0095
0.0095
