0.9927
0.9630
0.9360
0.9123
0.8871
0.8153
0.7752
0.7377
0.6351
0.5847
0.5393
0.4949
0.4522
0.4137
0.3805
0.3526
0.3291
0.3092
0.2915
0.2759
0.2619
0.2491
0.2376
0.2270
0.2174
0.1940
0.1840
0.1744
0.1651
0.1560
0.1472
0.1392
0.1319
0.1255
0.1198
0.1146
0.1100
0.1056
0.1017
0.0980
0.0948
0.0923
0.0899
0.0875
0.0853
0.0832
0.0812
0.0793
0.0774
0.0757
0.0742
0.0728
0.0714
0.0701
0.0688
0.0644
0.0633
0.0623
0.0610
0.0595
0.0580
0.0566
0.0553
0.0541
0.0530
0.0519
0.0509
0.0499
0.0490
0.0481
0.0472
0.0464
0.0456
0.0448
0.0441
0.0434
0.0429
0.0424
0.0419
0.0413
0.0409
0.0404
0.0399
0.0394
0.0390
0.0385
0.0381
0.0377
0.0372
0.0368
0.0365
0.0363
0.0360
0.0357
0.0354
0.0352
0.0349
0.0346
0.0344
0.0341
0.0339
0.0336
0.0334
0.0332
0.0329
0.0327
0.0325
0.0322
0.0320
0.0318
0.0316
0.0314
0.0312
0.0310
0.0308
0.0307
0.0306
0.0304
0.0303
0.0302
0.0300
0.0299
0.0298
0.0297
0.0295
0.0294
0.0293
0.0291
0.0290
0.0289
0.0288
0.0287
0.0286
0.0284
0.0283
0.0282
0.0281
0.0280
0.0279
0.0278
0.0277
0.0276
0.0275
0.0274
0.0274
0.0273
0.0273
0.0272
0.0272
0.0271
0.0271
0.0277
0.0275
0.0276
0.0275
0.0273
0.0272
0.0271
0.0271
0.0271
0.0271
0.0271
0.0271
0.0271
0.0271
0.0271
0.0271
0.0271
0.0271
0.0271
0.0271
0.0271
0.0271
0.0271
0.0271
0.0271
0.0271
0.0271
0.0271
0.0271
0.0271
0.0271
0.0271
