2.911774318018539587e-01
5.812363422837310001e-01
4.043354908397021608e-01
2.968927905173983639e-01
1.664836689689727922e-01
3.444899955757831922e-01
2.063538832252700961e-01
1.385974906414705887e-01
3.036898183713615529e-01
1.175270197073119138e-01
1.485887682188488101e-01
2.099618589570717564e-01
2.031316162015634474e-01
1.576013965251051308e-01
1.064635963007596470e-01
7.150200390085613422e-02
5.869279986597422671e-02
4.350197835467264906e-02
3.948715888019051212e-02
4.082192614924166213e-02
3.728701142419078157e-02
3.884784890335454821e-02
3.039769626432172259e-02
3.112601264727311509e-02
2.364396763906549334e-02
2.013667439059401709e-01
1.121806453650374541e-01
4.750301876643128751e-02
4.798909795398206141e-02
6.509281961211019207e-02
6.251211507697700120e-02
4.888656359416867353e-02
4.494164925573521790e-02
2.930092680410042311e-02
2.159834361847337916e-02
3.041243937363150018e-02
2.141589778761058063e-02
1.820154331118155333e-02
1.850207995273630765e-02
3.761801643763989372e-02
7.822691482917815131e-02
3.238460254280059458e-02
2.490524342175496827e-02
1.530417513254567034e-02
2.098904183052838560e-02
1.782163453897301492e-02
1.947555746852536185e-02
1.495164812203192244e-02
1.070569662784576562e-02
3.586110253435145084e-02
2.060343842823461613e-02
1.611859276945716568e-02
1.466295222919695301e-02
8.991075627389912006e-03
5.892033940730237278e-03
1.577299380473784762e-01
9.622089686014181908e-02
5.274822658148593107e-02
2.932970986640623043e-02
2.847141218346306568e-02
3.635119783134093535e-02
7.174909039534120569e-02
3.593005496603873805e-02
3.227721358576985528e-02
2.191141339748895259e-02
1.512936096893197080e-02
1.395604345202311122e-02
1.274139554160874134e-02
1.548278771006564650e-02
1.636423282975657881e-02
1.311762553334449265e-02
1.060683089561220011e-02
1.181919278289214094e-02
1.022399846923778902e-02
2.587136315302624584e-02
4.400455187360113873e-02
2.070347542721593173e-02
1.915569159078852474e-02
1.435245917011721689e-02
9.774791426170820544e-03
6.698011430747152599e-03
6.053609551994693604e-03
7.734953905908602614e-03
8.812095146023482192e-03
8.682914105040464084e-03
7.944893642971854325e-03
6.516140965978063290e-03
4.634060394219190020e-03
3.916079999872974608e-03
3.521598881044030876e-02
2.421549412287668859e-02
1.575578997592861144e-02
1.372189735028913650e-02
9.314645176210556432e-03
6.493401592553425805e-03
7.302203627360897772e-03
6.658542929241641900e-03
6.175988493577012038e-03
5.952078622607697572e-03
6.329950733397475549e-03
7.280000679138943012e-03
5.999624166224249919e-03
4.407831946826515704e-03
3.661746296495147022e-03
4.078342196377369652e-03
4.117510368386899551e-03
3.573610446701058155e-03
3.270670688714370083e-03
3.211246309037409444e-03
2.885802241194440100e-03
2.582280371984119454e-03
2.469316726464814565e-03
2.388323230680323289e-03
3.317890449722125240e-02
1.554976080951867012e-02
1.381353308025361736e-02
1.317601223800295325e-02
1.051356412030750656e-02
8.115274980139947081e-03
5.662039909076867390e-03
4.684023739999037574e-03
5.885445398834353997e-03
6.209801350451204550e-03
5.622938577632863484e-03
5.111536253434015818e-03
5.027088293644378647e-03
4.045420115331962822e-03
2.752937244098864825e-03
2.208184018961405985e-03
2.399832084791071046e-03
2.558855728705811475e-03
2.474809400454742406e-03
2.209026816667995167e-03
1.858966630062586179e-03
2.288484674497697196e-03
1.732915737460169123e-03
1.719034529879212266e-03
2.344516203237022745e-03
1.704439062185487313e-03
1.957019251294936195e-03
1.650181268139877620e-03
4.490316722849521831e-03
3.336225577100610656e-02
1.199991708098122230e-02
1.227512810930650802e-02
1.089553180472149774e-02
8.366346862412743848e-03
5.663617397943065783e-03
3.774780405634165295e-03
2.207229113473929347e-02
1.787971685848795469e-02
8.104372626254766065e-02
5.020325263411787309e-02
5.949745536483960068e-02
5.259498434012849916e-02
2.392468195153998195e-02
9.409170370315748239e-03
9.399451967060339433e-03
7.794693723556363370e-03
6.117477582469076948e-03
4.857077801296504418e-03
4.052916255189518112e-03
3.177751893905622627e-03
2.489128997947729401e-03
2.201720861882104641e-03
1.798092495616947922e-03
1.451001992879590117e-03
1.510576264626748702e-03
1.399240581275313635e-03
1.533782824178541414e-03
1.372728364784009131e-03
1.290294612245936881e-03
1.120621101735527585e-03
1.097661876557872503e-03
8.668019844808969206e-04
7.296712993380021807e-04
6.077861138561278928e-04
5.711597661870317999e-04
8.194368925241106005e-04
5.909700036837959051e-04
7.429988236523061120e-04
5.545610612887019427e-04
4.085102913508988141e-04
