2.006020214904526089e+00
1.720070403912559609e+00
2.462477356671981255e-01
1.018566445441764223e-01
5.351231980791296833e-02
4.915450379129631536e-02
5.674944204313848994e-02
1.824492287667496548e-02
4.030881991671832199e-02
1.015509161581085174e-02
5.357203420024323100e-03
3.903313489274493151e-03
2.593330030219386916e-03
2.366263332548259289e-03
1.376899330048059417e-03
3.603347608236719818e-02
1.086837031603012094e-02
4.579362508376808027e-02
2.839793992624890014e-03
3.345056920889166036e-02
1.561069065538281050e-02
3.579861230268385677e-03
2.758602156865160807e-03
2.553291549545368480e-03
1.891140008574614898e-03
2.494493564946978058e-03
2.338380672802883864e-03
2.020219183554323832e-03
6.273295183186805915e-03
6.901903715370162444e-03
1.338076355947208232e-03
9.027814626180295657e-04
1.353718031730690623e-03
8.336602184162207217e-04
6.077295232066558381e-04
7.088852967391650597e-04
1.523014314152462342e-03
5.746465558917756991e-04
3.900432189610444108e-04
4.814108539009177888e-04
4.356165550275060494e-04
1.278558714453065237e-03
9.409571520399878826e-04
1.885255963173193289e-03
2.074154590729882040e-03
1.712043117086185914e-03
1.087864090502506549e-03
1.147680019413750653e-03
1.267748321526830950e-03
1.635018359708276204e-03
1.549685374766503936e-03
1.645207755899907214e-03
1.599420751521743976e-03
1.147480799537887054e-03
1.202918401234781814e-03
1.093428466405355331e-03
1.205113728980557186e-03
1.093856669737561021e-03
1.202889780119823513e-03
1.098347801191475095e-03
1.135858679087293132e-03
7.536107397730594775e-04
1.080384299824026272e-03
2.330179940373568008e-03
1.219587822160816916e-03
1.222675284532095258e-03
1.994498085002734383e-03
4.257612146198664314e-03
5.867046373420202639e-04
1.446023776810501397e-03
1.255642451863871092e-04
9.697221848394123409e-04
8.643371594681296347e-04
2.016272909339367583e-04
8.456828533685937241e-04
8.406377172274163013e-05
1.168468913391777341e-03
9.765078093045566864e-04
1.617855866153984547e-03
1.506743600183199855e-03
1.675765080608813094e-03
1.587310466517503644e-03
1.497929927413044855e-03
8.220637629543101283e-04
8.204543397641445284e-04
1.101589851929914024e-03
1.140568057219769078e-03
7.942511388566515958e-04
5.529607140438344949e-04
6.611128570452492722e-04
8.740018200674194715e-04
2.418825186547203347e-03
2.412976874103293055e-03
2.435691188490862920e-03
2.386243618767848722e-03
2.129610300600134724e-03
2.072044176770628833e-03
2.135703580179645292e-03
8.129226293218089596e-04
2.213633350825164065e-03
