0.3360
0.3950
0.2985
0.2807
0.2699
0.2620
0.2569
0.2525
0.2493
0.2469
0.2447
0.2427
0.2410
0.2396
0.2385
0.2375
0.2366
0.2361
0.2357
0.2354
0.2353
0.2351
0.2350
0.2350
0.2349
0.2348
0.2347
0.2347
0.2346
0.2346
0.2345
0.2345
0.2345
0.2344
0.2344
0.2344
0.2344
0.2343
0.2343
0.2343
0.2343
0.2342
0.2342
0.2342
0.2342
0.2342
0.2341
0.2341
0.2341
0.2341
0.2341
0.2341
0.2340
0.2340
0.2340
0.2340
0.2340
0.2340
0.2340
0.2339
0.2339
0.2339
0.2339
0.2339
0.2339
0.2338
0.2338
0.2338
0.2338
0.2338
0.2338
0.2338
0.2337
0.2337
0.2337
0.2337
0.2337
0.2337
0.2337
0.2337
0.2337
0.2337
0.2336
0.2336
0.2336
0.2336
0.2336
0.2336
0.2336
0.2336
0.2336
0.2336
0.2336
0.2335
0.2335
0.2335
0.2335
0.2335
0.2335
0.2335
