2.228680132433368488e+00
3.418741225003413486e+00
4.575076567654660087e-01
4.914947150723744662e-01
8.812937874432001661e-02
5.322266897120134233e-02
9.912874398520878094e-02
2.289277384932445966e-02
3.664838045194355326e-02
1.701999955548325408e-02
8.875480996687131960e-03
8.437259684677041530e-03
6.580317722522422558e-03
7.620989310175893539e-03
5.371442301808977693e-03
2.751336011773919139e-03
3.441600884578233533e-03
4.065532681901902305e-03
3.832946669985756814e-03
5.757500207653757501e-03
5.101433106601110587e-03
2.295172800615659110e-03
1.319536278453278290e-03
4.041713515831982760e-03
4.255867214245321987e-03
1.307109829758026746e-02
5.819333043649326659e-03
9.040730441330921754e-03
8.627540471372053751e-03
3.671068470713976899e-03
2.031145536118926422e-03
1.722139448564533742e-03
1.221642287441686552e-03
9.662223468857622814e-04
1.004850439132860991e-03
1.327818222501264949e-03
2.040624656467772066e-03
7.283653893927056035e-04
3.952037459954083000e-04
3.301178345170990304e-04
2.978056326336251725e-04
2.763333679799307319e-04
2.593474079586312276e-04
2.450474383412136687e-04
2.330113035903530342e-04
9.860589202813957368e-04
1.413093100379954380e-03
1.700135820326170895e-03
1.546285263708034683e-03
1.650293004079522686e-03
