0.5783
0.6802
0.5363
0.4962
0.4750
0.4670
0.4606
0.4565
0.4545
0.4542
0.4511
0.4494
0.4488
0.4481
0.4474
0.4468
0.4463
0.4459
0.4452
0.4447
0.4442
0.4436
0.4434
0.4423
0.4424
0.4426
0.4426
0.4425
0.4425
0.4430
0.4425
0.4421
0.4421
0.4421
0.4422
0.4423
0.4423
0.4423
0.4423
0.4423
0.4422
0.4422
0.4422
0.4422
0.4422
0.4422
0.4422
0.4422
0.4422
0.4422
0.4422
0.4422
0.4422
0.4422
0.4422
0.4421
0.4421
0.4421
0.4421
0.4421
0.4421
0.4421
0.4421
0.4421
0.4421
0.4421
0.4421
0.4421
0.4421
0.4421
0.4421
0.4421
0.4422
0.4422
0.4422
0.4422
0.4421
0.4421
0.4421
0.4421
0.4421
0.4421
0.4421
0.4421
0.4421
0.4421
0.4421
0.4421
0.4421
0.4421
0.4421
0.4421
0.4421
0.4421
0.4421
0.4421
0.4421
0.4421
0.4421
0.4421
