5.786932131480657659e+00
1.317148225525709204e+00
8.887448067098420168e-01
5.682903991306588187e-01
6.252684683835476598e-01
4.393687338164509737e-01
2.683067895896210087e-01
1.948863996651320485e-01
1.502406764852108334e-01
1.242752843713456068e-01
1.079476448489042478e-01
8.401587287396514170e-02
6.294669134215850892e-02
4.803885641799298528e-02
3.643298514163933327e-02
2.745271808336705727e-02
2.053273844757162042e-02
1.490810824720721975e-02
1.061152304192578173e-02
7.560538560641306277e-03
5.278484930076272896e-03
4.071664853678068352e-03
3.315392470852854441e-03
2.735784158529985799e-03
2.220133885775125559e-03
1.758138275354304047e-03
1.365970601480369622e-03
1.050026923126858502e-03
8.019080571434284918e-04
9.513500616333068604e-04
5.936912472064762416e-04
7.561191771285227618e-04
4.420574883759603182e-04
5.110065483184123144e-04
6.464931124239562581e-04
5.607612626010150501e-04
4.621226145626378991e-04
3.480926367795733937e-04
2.508475477186778184e-04
1.844524437423613391e-04
1.427443652883897743e-04
1.119632822152607485e-04
8.419008556641200704e-05
5.860296427114720247e-05
3.724120133193287380e-05
2.221903404756431341e-05
1.461378653879567123e-05
1.249838547311164803e-05
1.169586317961745616e-05
1.035290489987967474e-05
