4.092851217120777818e+00
1.886776407380715392e+00
6.539849069371951318e-01
3.202391401838132201e-01
1.092557124429668347e-01
9.790011287447281108e-02
6.709634342818961150e-02
2.448720602112399933e-02
2.340130408605008844e-02
4.484973667130549846e-02
1.643869236720003207e-02
1.525801519585138523e-02
1.799344172877053241e-02
9.253018875985124722e-03
6.958594639959177035e-03
4.850458872713326285e-03
4.560989663792434749e-03
4.719382276303334643e-03
2.183494944851041390e-03
3.654990299650644463e-03
4.539492450789654743e-03
1.236554591526894606e-02
6.079562660160976739e-02
1.896114304513371249e-02
9.115381503822066189e-03
4.415554190955603246e-03
3.230520761019729618e-03
2.974203353318855426e-03
3.416237510389112404e-03
2.893800398720723643e-02
1.316802037315429642e-02
1.243677644307089256e-02
7.135611218480485476e-03
3.037746797095496835e-03
1.243801319438844191e-03
1.047948932331523118e-03
5.047678359774435608e-04
2.439814841800775627e-04
2.013049098045575339e-04
1.519971643695832266e-04
1.177853885182111448e-04
8.579490601228881893e-05
5.997614901838917742e-05
4.191347587629322207e-05
3.646708920207292171e-05
4.414109407469017963e-05
5.663267804768211774e-05
6.923615797709555626e-05
8.100478247267996483e-05
9.241788279797826639e-05
2.660030941793841341e-04
1.444360280432887037e-04
1.652708258000653413e-04
2.379138731216751091e-04
2.418080726248705132e-04
2.963160760491000958e-04
1.496865288736750005e-04
4.865424097277940290e-04
7.490572363959643485e-04
1.095100324570803720e-03
1.373084497411402542e-03
5.192807085340907756e-04
1.972819976810921000e-03
6.343546998238050851e-04
6.239715499688131863e-04
6.692705165637593450e-04
6.778262263222550703e-04
5.041063841820294386e-04
3.636970726660175286e-04
4.256227618581287335e-04
9.517849699360055428e-04
1.568187835179424717e-03
2.180935577233786109e-03
2.275957261470661422e-03
2.378231429411008235e-03
1.839996084963032696e-03
1.433741219723827986e-03
1.068101690381257924e-03
8.066031692979785516e-04
6.113880751903626523e-04
4.535768137050383763e-04
3.349792994634010770e-04
2.443513683445382124e-04
6.591220071411042726e-04
4.447685265480127732e-04
2.651903168163311452e-04
4.432055249129112967e-05
1.885875115889991388e-05
2.130144085373795348e-05
2.251786060935800668e-05
2.161369558730542105e-05
1.962426225959146520e-05
1.715324034074677871e-05
1.455863758129000512e-05
1.207260987402202738e-05
9.830726131833005855e-06
7.893891726137795936e-06
6.272222106646897903e-06
4.945757728514252457e-06
3.879642795000162212e-06
