0.9999
0.9982
0.9958
0.9927
0.9774
0.9647
0.9496
0.9300
0.9058
0.8788
0.8508
0.8236
0.7580
0.7260
0.6951
0.6640
0.6328
0.6021
0.5733
0.5467
0.5227
0.5011
0.4816
0.4643
0.4517
0.4394
0.4273
0.4160
0.4057
0.3963
0.3871
0.3795
0.3724
0.3653
0.3586
0.3526
0.3472
0.3421
0.3370
0.3322
0.3275
0.3229
0.3184
0.3141
0.3099
0.3065
0.3034
0.3003
0.2973
0.2944
0.2778
0.2785
0.2759
0.2731
0.2707
0.2678
0.2644
0.2609
0.2574
0.2540
0.2507
0.2483
0.2463
0.2444
0.2425
0.2407
0.2388
0.2370
0.2352
0.2336
0.2328
0.2321
0.2316
0.2417
0.2375
0.2405
0.2363
0.2336
0.2319
0.2313
0.2313
0.2315
0.2318
0.2320
0.2320
0.2320
0.2320
0.2320
0.2319
0.2319
0.2319
0.2318
0.2318
0.2318
0.2317
0.2317
0.2317
0.2317
0.2317
0.2317
0.2316
0.2316
0.2316
0.2316
0.2316
0.2316
0.2316
0.2315
0.2315
0.2315
0.2315
