3.085523776908006832e-01
9.274617555480566544e-01
5.976105889371206015e-01
3.489516298556665230e-01
5.693684921915894703e-01
3.161682313061990879e-01
2.312221900910692574e-01
2.850865708794858566e-01
2.838770387129284090e-01
2.326098324274120110e-01
1.621990455450877666e-01
1.026446542907441528e-01
4.117140639508442002e-01
2.202649352302878949e-01
1.255329296999622146e-01
1.553409614889511570e-01
1.825358946032200613e-01
1.824716713970094273e-01
1.423510052715047103e-01
9.833754332269417642e-02
6.504980180106963161e-02
5.458904783062074745e-02
6.684535084917757330e-02
1.809049429511237483e-01
7.563334272519768586e-02
5.268236727641614769e-02
4.383331812079882539e-02
7.002906210581118229e-02
5.887362286419307866e-02
4.022317748928966319e-02
8.998486710875043537e-02
5.029284678269509840e-02
3.260136451840397326e-02
3.073180272641193311e-02
5.910857504348671770e-02
5.353193886859135969e-02
3.788744741078402950e-02
2.627550241111164739e-02
2.206455139150055936e-02
2.848575480224826983e-02
2.942845403618147768e-02
2.660298802273095009e-02
2.268378292500811133e-02
2.041513054385506523e-02
5.471241650310621624e-02
4.546161232928076085e-02
2.953793577519286603e-02
2.327897673759042954e-02
1.999904170538827422e-02
1.371724177145352934e-02
2.926624725924508730e-01
1.422004367087034149e-01
1.045840377149574313e-01
1.193509311594003752e-01
5.957068793875197610e-02
5.097858523310011547e-02
4.109246146347436679e-02
3.569976045091454581e-02
3.564587782104802760e-02
4.630257691646758739e-02
8.647177937707242745e-02
7.624938161876090859e-02
4.585015617753140926e-02
3.355780134148807908e-02
2.174941332836058047e-02
1.616531219324454649e-02
1.686040057167963180e-02
1.887605891738456179e-02
3.099395022594820734e-02
1.026654064378800663e-01
4.386441929359979897e-02
4.494619181757362331e-02
9.882012655437562298e-02
2.571666828635165158e-01
1.473187963830044633e-01
2.041655903467090583e-01
1.228935975336275244e-01
5.593227889389994212e-02
2.918989541866175152e-02
3.539154532644259860e-02
3.388223140388542387e-02
2.671803135732798637e-02
1.842102288088932546e-02
1.419534365315282265e-02
1.194150644697397450e-02
9.927791751948796678e-03
7.277420870141480293e-03
5.719237468662498845e-03
4.837743286086584361e-03
4.804055409032019844e-03
4.271232464879749953e-03
3.661308685413644948e-03
2.633517761709897129e-03
2.267654361528162899e-03
1.767702997500083736e-03
1.841907761711336633e-03
1.814003346991358836e-03
1.827424110374160351e-03
1.694660260927572911e-03
1.218036158076031680e-03
8.584067681050393511e-04
7.363185397881908366e-04
1.399810320552007711e-03
1.102460457543020817e-03
1.006508889653361539e-03
9.181503146931485572e-04
1.515312142992279905e-03
8.927386780458013800e-04
5.653480689495713352e-04
8.101988075302014912e-04
4.632340716725263973e-04
