0.4529
0.3204
0.2486
0.2160
0.1850
0.1744
0.1719
0.1624
0.1624
0.1515
0.1515
0.1515
0.1515
0.1515
0.1494
0.1494
0.1494
0.1494
0.1494
0.1494
0.1494
0.1494
0.1494
0.1494
0.1494
0.1494
0.1526
0.1526
0.1526
0.1526
0.1526
0.1526
0.1526
0.1526
0.1526
0.1526
0.1526
0.1526
0.1529
0.1529
0.1529
0.1529
0.1529
0.1529
0.1529
0.1529
0.1529
0.1529
0.1529
0.1529
0.1529
0.1529
0.1529
0.1529
0.1608
0.1608
0.1608
0.1608
0.1608
0.1608
0.1607
0.1607
0.1607
0.1607
0.1607
0.1607
0.1607
0.1607
0.1511
0.1511
0.1511
0.1511
0.1511
0.1511
0.1511
0.1511
0.1511
0.1511
0.1511
0.1511
0.1511
0.1511
0.1511
0.1511
0.1511
0.1511
0.1511
0.1511
0.1511
0.1511
0.1511
0.1511
0.1511
0.1511
0.1511
0.1511
0.1511
0.1511
0.1511
0.1511
