0.4614
0.3052
0.2355
0.2139
0.1944
0.1800
0.1655
0.1695
0.1695
0.1587
0.1523
0.1523
0.1523
0.1523
0.1523
0.1523
0.1523
0.1523
0.1523
0.1523
0.1523
0.1523
0.1523
0.1523
0.1523
0.1523
0.1523
0.1523
0.1523
0.1523
0.1523
0.1523
0.1523
0.1523
0.1523
0.1523
0.1523
0.1523
0.1523
0.1523
0.1523
0.1523
0.1523
0.1523
0.1523
0.1548
0.1548
0.1548
0.1548
0.1643
0.1643
0.1643
0.1653
0.1653
0.1637
0.1637
0.1637
0.1637
0.1637
0.1637
0.1511
0.1511
0.1511
0.1511
0.1511
0.1511
0.1511
0.1511
0.1497
0.1497
0.1497
0.1497
0.1497
0.1497
0.1497
0.1497
0.1497
0.1497
0.1497
0.1497
0.1497
0.1497
0.1497
0.1497
0.1497
0.1497
0.1497
0.1497
0.1497
0.1497
0.1497
0.1497
0.1497
0.1497
0.1497
0.1497
0.1497
0.1497
0.1497
0.1497
