0.1747
0.2554
0.2057
0.1837
0.1688
0.1591
0.1533
0.1499
0.1476
0.1461
0.1453
0.1448
0.1445
0.1443
0.1442
0.1441
0.1441
0.1441
0.1440
0.1440
0.1440
0.1440
0.1440
0.1440
0.1440
0.1440
0.1440
0.1440
0.1440
0.1440
0.1440
0.1440
0.1440
0.1440
0.1440
0.1440
0.1440
0.1440
0.1440
0.1440
0.1440
0.1440
0.1440
0.1440
0.1440
0.1440
0.1440
0.1440
0.1440
0.1440
0.1440
0.1440
0.1440
0.1440
0.1440
0.1440
0.1440
0.1440
0.1440
0.1440
0.1440
0.1440
0.1440
0.1440
0.1440
0.1440
0.1440
0.1440
0.1440
0.1440
0.1440
0.1440
0.1440
0.1440
0.1440
0.1440
0.1440
0.1440
0.1440
0.1440
0.1440
0.1440
0.1440
0.1440
0.1440
0.1440
0.1440
0.1440
0.1440
0.1440
0.1440
0.1440
0.1440
0.1440
0.1440
0.1440
0.1440
0.1440
0.1440
0.1440
