0.1832
0.2617
0.2487
0.2442
0.2417
0.2391
0.2363
0.2345
0.2330
0.2321
0.2311
0.2303
0.2299
0.2294
0.2291
0.2288
0.2285
0.2284
0.2282
0.2281
0.2280
0.2279
0.2279
0.2278
0.2278
0.2278
0.2278
0.2278
0.2277
0.2277
0.2277
0.2277
0.2277
0.2277
0.2277
0.2277
0.2277
0.2277
0.2277
0.2277
0.2277
0.2277
0.2277
0.2277
0.2277
0.2277
0.2277
0.2277
0.2277
0.2277
0.2277
0.2277
0.2277
0.2277
0.2277
0.2277
0.2277
0.2277
0.2277
0.2277
0.2277
0.2277
0.2277
0.2277
0.2277
0.2277
0.2277
0.2277
0.2277
0.2277
0.2277
0.2277
0.2277
0.2277
0.2277
0.2277
0.2277
0.2277
0.2277
0.2277
0.2277
0.2277
0.2277
0.2277
0.2277
0.2277
0.2277
0.2277
0.2277
0.2277
0.2277
0.2277
0.2277
0.2277
0.2277
0.2277
0.2277
0.2277
0.2277
0.2277
