4.194624474297171446e+00
2.672831897893270803e+00
1.081059239280460549e+00
7.529650968905234887e-01
6.221267847258178385e-01
6.526179266395413237e-01
4.495461890181493003e-01
3.085786373938551042e-01
2.302223224996413353e-01
1.940860424506722637e-01
1.487458605645197440e-01
1.212069186068077120e-01
1.046809780539952606e-01
7.728521202777659249e-02
6.028466237500582775e-02
4.758241327238223878e-02
3.713690449810106570e-02
2.888226659284567899e-02
2.301267603485396621e-02
1.842860407462591082e-02
1.438010886485562717e-02
1.252870263479895566e-02
8.640247312909262942e-03
7.075012026937025841e-03
6.509366386428036208e-03
4.888579254773661037e-03
5.849833571763732309e-03
4.187134598099705521e-03
3.318948734568646745e-03
2.736751734119477822e-03
2.294187274131861791e-03
3.630631415404210211e-03
1.814706329344768819e-03
2.437275186783709625e-03
1.658851898673709266e-03
1.116378544742472820e-03
8.024731232980345961e-04
6.528312281717712834e-04
5.557024497963662093e-04
4.060712637318884474e-03
3.272878252898233937e-03
3.130899394397560105e-03
3.245642634697351071e-03
3.127048865189791665e-03
2.204220998912832016e-03
4.116577743140900983e-03
3.220855540864170190e-03
2.243837541483355812e-03
4.027696198019087986e-03
3.218311682022022367e-03
2.246992776920213233e-03
4.005281250153701865e-03
3.206173630316552954e-03
2.244120351268991814e-03
3.989568088885719725e-03
3.191576001364498146e-03
2.245217345125664898e-03
3.975455867223589082e-03
3.177445398277859139e-03
2.248770007152385651e-03
3.963347768743480208e-03
3.164525447317553287e-03
2.253684067188378281e-03
6.504883913690858582e-04
4.312021342175605641e-03
3.158140401335750910e-03
2.339737068390417181e-03
3.917466505479358548e-03
3.155193875051255994e-03
2.274490637801029110e-03
3.943029570477507920e-03
3.139908397483791389e-03
2.274488837516544255e-03
3.939912155355392021e-03
3.119436128495333034e-03
2.346637632705371977e-03
3.957335204985141901e-03
3.115558800119969454e-03
2.348522487565115474e-03
3.951915728354134238e-03
3.112355632903055294e-03
2.351663806298832753e-03
3.950306460260545605e-03
3.109164482121999640e-03
2.354417174589333150e-03
3.949015636004533925e-03
3.106992400497363398e-03
2.356958274101970431e-03
3.948029838890726451e-03
3.105484857679211876e-03
2.359033700442025958e-03
3.947476573548165668e-03
3.104431129709036424e-03
2.360721285427456496e-03
3.947218980486541517e-03
3.103725672625752725e-03
2.362092922059206429e-03
3.947157881786464775e-03
3.103277936759705168e-03
2.363199329567261357e-03
