3.525646293224295458e-01
1.115735294301638314e+00
7.341513952591296466e-01
4.610679486186586851e-01
3.310587517433740690e-01
5.568808438874029987e-01
2.864516670399545051e-01
7.153652973012242233e-01
3.344018185103628249e-01
2.919279952943310552e-01
4.715749137622263776e-01
4.841592562692129120e-01
5.997010960350996900e-01
3.270440496713012957e-01
1.998109097174244064e-01
3.455872001074994926e-01
1.701997951384532082e-01
1.292658540186232552e-01
1.216652941921486653e-01
9.813202216610868167e-02
1.876875005532040452e-01
1.295516242097459469e-01
9.035128165763477159e-02
8.122703474609244134e-02
1.697432175942877597e-01
6.423464648043437919e-02
5.649547276505304666e-02
4.648249741595743972e-02
4.066591356502446963e-02
1.936370524961441575e-01
7.006980026722040011e-02
4.813821175352019088e-02
4.050374068278066869e-02
4.137840559428904857e-02
1.605565589988841857e-01
7.282408570300590023e-02
1.590505515968529127e-01
6.408144618114569591e-02
5.278684530767422528e-02
3.700572028462356666e-02
2.411500393477856302e-02
2.169647336877587526e-02
2.071902958772158312e-02
2.109728338780186493e-02
2.053562181758851468e-02
1.675661538200442363e-02
1.331440341321583030e-02
1.031334608501745763e-02
1.326652696559585572e-02
1.419135222920444618e-02
1.284001261379162304e-02
1.234529255253602291e-02
1.022683840382352695e-02
1.064858184553617304e-02
9.874360897568287485e-03
7.556152846422257811e-03
6.168035893707830494e-03
7.796427298346983274e-03
9.135623745106615998e-03
1.019949041256971826e-02
7.154149172135268984e-03
6.297792176701818949e-03
5.347212283041028608e-03
4.417384995011919106e-03
3.644703232680142086e-03
6.812950355490273412e-03
5.119472585203688371e-03
4.469334797502053265e-03
5.579740169587359480e-03
4.391485992649133557e-03
3.909964989440994562e-03
7.067043254989888862e-03
5.593932337518755377e-03
7.522831497601083391e-03
6.828114072320175601e-03
4.495573634288329429e-03
3.760658746049564197e-03
4.889000116811049665e-03
5.170939122521528777e-03
3.634028351841819653e-03
2.658531536444538532e-03
5.728963346000917264e-03
5.220739044455693749e-03
9.510223946565282693e-03
8.287607284346564310e-03
7.424642397156989981e-03
6.305122778612965578e-03
4.954164174234381747e-03
3.718155709611993195e-03
2.744887589326176942e-03
2.201729566098275821e-03
2.076182282377387299e-03
3.982999757613336737e-03
2.846782730531293402e-03
2.860218366249155011e-03
2.597660904584975401e-03
4.249405587173082227e-03
3.043417457543781592e-03
5.802308238486143972e-03
3.866275105721775698e-03
3.518165467097449008e-03
4.172283962341869976e-03
3.314291753234936255e-03
2.899905329331454833e-03
2.388942967893834327e-03
1.793151653282635226e-03
1.348113013133345065e-03
1.071582820200041525e-03
9.402788179080906602e-04
4.154522553330716218e-03
5.777508676807488301e-03
5.678970810088689904e-03
5.017175090446975884e-03
3.833550736116494821e-03
3.892931785328396146e-03
4.226247296672802460e-03
5.368510831310803130e-03
4.265058517254465345e-03
3.557380873381256817e-03
3.025645171254121978e-03
2.769438146684812668e-03
2.532768591516812440e-03
2.116024184799317979e-03
2.227792898948490873e-03
5.097630360493527954e-03
3.205965914218197529e-03
2.628202433971554928e-03
1.940485656775560626e-03
1.402680786001358083e-03
1.158608783428244360e-03
1.224205580422324914e-03
1.668343149530413308e-03
2.650098325188695453e-03
3.289068904161596748e-03
3.111066472850911209e-03
4.554521692953557993e-03
3.368623838105364466e-03
2.943759762983764062e-03
3.119264994265420060e-03
2.444785541720784217e-03
1.963100099595544660e-03
1.520889053924443998e-03
1.865161836979789458e-03
2.326474760379886042e-03
1.761798569856973641e-03
1.685811496320586576e-03
5.009083327185233879e-03
3.761322516493524268e-03
4.412651231012754138e-03
3.807407598778068860e-03
4.012788383842723003e-03
3.044189640679539031e-03
2.634798566197296774e-03
2.286251991458689448e-03
1.932298342211259375e-03
1.980105103168905943e-03
3.121496250371613278e-03
2.943332378137159065e-03
3.200085761758775498e-03
2.776659804794233324e-03
2.330334779563477884e-03
2.496177995580456648e-03
3.613678562837296677e-03
3.156509607424087208e-03
4.048144180822815102e-03
3.480303888324212062e-03
3.871807671527701614e-03
3.348631231008156531e-03
3.144858540693038895e-03
2.897107812671266113e-03
2.426390330574453285e-03
1.853375693637931369e-03
1.293513336817944887e-03
8.709664230666781890e-04
7.157469520175915650e-04
7.770428681851012081e-04
9.291536483544954707e-04
1.040896390061743461e-03
1.065942291900567798e-03
1.049108237375625434e-03
9.861044321093498377e-04
8.817983006668834696e-04
7.391380302547941906e-04
6.235025170918767580e-04
5.493490944947606236e-04
1.487646152173385241e-03
1.460693545930331428e-03
1.390856005591190048e-03
1.688703071702584791e-03
2.557376916160247586e-03
2.280538497846358245e-03
1.998098610160257190e-03
1.719169721422215578e-03
1.415391542885213131e-03
3.109904911902491593e-03
3.188716614865560670e-03
2.190602542974196248e-03
1.664562898485424155e-03
1.162463680101903912e-03
8.602671103966772143e-04
8.476366087020257688e-04
8.645100014435497899e-04
8.154539814402670013e-04
7.324022130328760065e-04
7.652300928167002792e-04
1.841176237214220196e-03
1.460223571940504148e-03
1.498581602203899292e-03
1.549722019897889448e-03
1.416413234599637506e-03
1.281023427349001730e-03
1.142269393933827842e-03
1.028697655156987113e-03
9.061096459395083643e-04
7.874965502961831301e-04
6.617260034239279840e-04
5.461025533682591169e-04
4.278791802616021818e-04
