0.7217
0.5030
0.4777
0.4744
0.4685
0.4715
0.4714
0.4714
0.4704
0.4704
0.4704
0.4704
0.4704
0.4752
0.4752
0.4752
0.4752
0.4752
0.4741
0.4741
0.4741
0.4709
0.4709
0.4709
0.4709
0.4709
0.4709
0.4709
0.4709
0.4709
0.4709
0.4709
0.4709
0.4709
0.4709
0.4709
0.4709
0.4709
0.4709
0.4709
0.4709
0.4709
0.4709
0.4709
0.4709
0.4709
0.4709
0.4709
0.4709
0.4709
0.4709
0.4709
0.4709
0.4709
0.4709
0.4709
0.4709
0.4709
0.4709
0.4709
0.4709
0.4709
0.4709
0.4709
0.4709
0.4709
0.4709
0.4709
0.4709
0.4709
0.4709
0.4709
0.4709
0.4709
0.4709
0.4709
0.4709
0.4709
0.4709
0.4709
0.4709
0.4709
0.4709
0.4709
0.4709
0.4709
0.4709
0.4709
0.4709
0.4709
0.4709
0.4709
0.4709
0.4709
0.4709
0.4709
0.4709
0.4709
0.4709
0.4709
