0.2633
0.4268
0.4087
0.4096
0.4090
0.4080
0.4078
0.4078
0.4078
0.4078
0.4076
0.4075
0.4074
0.4074
0.4073
0.4073
0.4072
0.4072
0.4072
0.4072
0.4072
0.4072
0.4072
0.4071
0.4071
0.4072
0.4072
0.4072
0.4072
0.4072
0.4072
0.4072
0.4072
0.4072
0.4072
0.4072
0.4072
0.4072
0.4072
0.4072
0.4072
0.4072
0.4072
0.4072
0.4072
0.4072
0.4072
0.4072
0.4072
0.4072
0.4072
0.4072
0.4072
0.4072
0.4072
0.4072
0.4072
0.4072
0.4072
0.4072
0.4072
0.4072
0.4072
0.4072
0.4072
0.4072
0.4072
0.4072
0.4072
0.4072
0.4072
0.4072
0.4072
0.4072
0.4072
0.4072
0.4072
0.4072
0.4072
0.4072
0.4072
0.4072
0.4072
0.4072
0.4072
0.4072
0.4072
0.4072
0.4072
0.4072
0.4072
0.4072
0.4072
0.4072
0.4072
0.4072
0.4072
0.4072
0.4072
0.4072
