0.7520
0.4942
0.4743
0.4675
0.4662
0.4726
0.4693
0.4681
0.4718
0.4718
0.4756
0.4756
0.4778
0.4778
0.4778
0.4778
0.4778
0.4778
0.4705
0.4705
0.4720
0.4720
0.4720
0.4720
0.4720
0.4720
0.4720
0.4720
0.4720
0.4720
0.4720
0.4720
0.4720
0.4720
0.4720
0.4720
0.4720
0.4720
0.4720
0.4720
0.4720
0.4720
0.4720
0.4720
0.4720
0.4720
0.4720
0.4720
0.4720
0.4720
0.4720
0.4720
0.4720
0.4720
0.4720
0.4720
0.4720
0.4720
0.4720
0.4720
0.4720
0.4720
0.4720
0.4720
0.4720
0.4720
0.4720
0.4720
0.4720
0.4720
0.4720
0.4720
0.4720
0.4720
0.4720
0.4720
0.4720
0.4720
0.4720
0.4720
0.4720
0.4720
0.4720
0.4720
0.4720
0.4720
0.4720
0.4720
0.4720
0.4720
0.4720
0.4720
0.4720
0.4720
0.4720
0.4720
0.4720
0.4720
0.4720
0.4720
