1.286877591872300286e+01
6.179736963510147341e+00
4.763377088042845209e+00
4.012521327094441759e+00
3.436957330891647011e+00
2.951771597217423437e+00
2.517231068011383410e+00
2.216629681198161617e+00
1.952920984935455628e+00
1.752618510555791209e+00
1.522599095283020842e+00
1.340253662942948232e+00
1.182017772594690541e+00
1.041082079137348515e+00
9.171825274872925648e-01
8.093475948452758528e-01
7.171683065843675875e-01
6.401247115157476797e-01
5.699652147889922027e-01
5.045955363000110827e-01
4.487078333141844011e-01
4.011437327218548288e-01
3.581625083261702480e-01
3.186883794439383522e-01
2.836610474771545376e-01
2.528151604405162178e-01
2.251595092637304896e-01
2.008394990452058160e-01
1.792867753964218769e-01
1.600544425612741295e-01
1.431335662191427494e-01
1.281490787318551872e-01
1.145010048333884173e-01
1.027508734131236667e-01
9.171368265211422843e-02
8.191702265594709431e-02
7.330867784956957012e-02
6.555550042919212894e-02
5.868163238725873643e-02
5.249351674081264435e-02
4.668873737657845691e-02
4.179586157101027044e-02
3.733665210205636131e-02
3.331071053922339542e-02
2.982508494921409792e-02
2.671852853244333775e-02
2.394690597347288660e-02
2.143864100215221377e-02
1.918955175630716534e-02
1.718653099607489465e-02
1.539263719554912098e-02
1.379657335216172287e-02
1.267932373559286889e-02
1.164974056155165111e-02
9.916549929401125701e-03
8.924876703621667864e-03
7.983667590880524911e-03
7.699892992863727713e-03
7.307938190967509968e-03
5.748464301886728293e-03
5.176486029983612056e-03
5.417153328479844959e-03
5.397098369722943580e-03
3.739727797713884513e-03
3.359189132310031259e-03
4.138730948621237304e-03
4.374461044955573613e-03
2.466236455022134243e-03
3.666486805808694561e-03
4.013490683191437217e-03
1.851030025138558589e-03
3.353653030633254022e-03
3.774458489430177009e-03
1.429925122808874040e-03
3.188174637532274584e-03
3.653041201968535746e-03
1.157290078321195938e-03
3.106569890557005307e-03
3.592818603595643746e-03
3.443148377302852198e-03
3.414429580770944866e-03
8.324317475789419062e-04
3.062303698995715202e-03
3.527223159305099397e-03
3.410123640530659476e-03
3.375168502576006858e-03
7.325770281396554173e-04
3.048770732540659334e-03
3.514487590940755697e-03
3.411368012992049836e-03
3.369725954002950920e-03
7.006332425027866082e-04
3.053713145823998276e-03
3.516987062367216057e-03
3.421214258866469606e-03
3.373233306648024468e-03
6.930812619786306432e-04
3.062563278695324982e-03
3.522941031321227649e-03
3.431332839648746844e-03
