0.2866
0.4317
0.4490
0.4719
0.4885
0.5025
0.5152
0.5251
0.5337
0.5410
0.5481
0.5542
0.5596
0.5643
0.5685
0.5721
0.5753
0.5780
0.5804
0.5826
0.5844
0.5861
0.5876
0.5889
0.5901
0.5911
0.5921
0.5929
0.5937
0.5943
0.5949
0.5954
0.5959
0.5963
0.5967
0.5970
0.5973
0.5976
0.5978
0.5980
0.5982
0.5984
0.5986
0.5987
0.5988
0.5989
0.5990
0.5991
0.5992
0.5992
0.5993
0.5994
0.5994
0.5995
0.5995
0.5995
0.5996
0.5996
0.5996
0.5996
0.5997
0.5997
0.5997
0.5997
0.5997
0.5997
0.5997
0.5998
0.5998
0.5998
0.5998
0.5998
0.5998
0.5998
0.5998
0.5998
0.5998
0.5998
0.5998
0.5998
0.5998
0.5998
0.5998
0.5998
0.5998
0.5998
0.5998
0.5998
0.5998
0.5998
0.5998
0.5998
0.5998
0.5998
0.5998
0.5998
0.5998
0.5998
0.5998
0.5998
