2.138772888710483711e-01
5.027437497488632667e-01
3.172052360571181451e-01
2.258570016057633578e-01
1.202978155109595826e-01
2.102583733574979186e-01
1.329555554716046195e-01
1.052147654944887156e-01
1.293212653551490954e-01
1.143615776833035030e-01
8.990449062420671766e-02
6.308598322020438076e-02
4.274194037543912333e-02
1.729536910254517168e-01
1.046022265676479074e-01
5.617806165401685592e-02
7.306839594197026000e-02
7.486047545088632404e-02
6.329545510399570141e-02
5.962956653936217488e-02
3.685407546230597131e-02
2.526086860381170085e-02
1.875162367669120506e-02
1.506660208096785580e-01
7.863166695580463272e-02
4.658813780274251304e-02
5.586571951829487348e-02
7.722245497937103853e-02
7.228260377235168344e-02
4.761760716175955643e-02
2.892173761494640227e-02
3.150752636088000047e-02
3.573915309498912340e-02
2.338257619033958651e-02
1.804267779121998191e-02
1.400823478667169442e-02
2.092829318948750961e-02
1.696015919513126774e-02
1.408065855575403764e-02
1.555082997190459712e-02
1.107475845177875728e-02
1.167698762646220655e-02
1.823980915882101803e-02
1.679405659885352398e-02
2.066572481298864505e-02
1.626555801520713357e-02
1.256584915513446823e-02
1.027230134190592475e-02
8.396240570205094206e-03
6.600920628703249755e-03
5.383165418188376808e-03
4.775197113278951445e-03
4.248263360048837485e-03
3.646242157928964670e-03
8.872110756872321480e-02
5.072332010761657073e-02
3.665104005514433633e-02
3.515581878601331534e-02
2.679827849891598321e-02
2.498266694245351166e-02
2.186755431297337723e-02
2.047597066383249897e-02
2.564973606034493328e-02
2.052379364543449256e-02
1.475762234847199927e-02
8.765704054504292603e-03
6.767339376246368950e-03
7.135708873046622998e-03
7.182372514633023064e-03
6.492192797014312983e-03
5.626270742273745129e-03
2.409731287870001473e-02
2.178132634679012802e-02
1.633339662895258795e-02
2.265937496859365269e-02
1.851538803845386230e-02
1.208059920221329908e-02
9.759926251226456670e-03
7.955454004641168350e-03
6.676139131958198046e-03
5.683394788864241758e-03
4.968270559160315597e-03
8.768523193447850042e-03
8.856667708498340216e-03
6.029287944397614292e-03
5.102074601496846100e-03
6.131104640612876182e-03
4.918907322097195410e-03
3.948605122287375535e-03
3.682873084292207465e-03
3.831997664937018822e-03
3.262172062945197046e-03
2.707681296918602529e-03
2.489981271313765777e-03
2.364308832244705737e-03
2.270163098079486762e-03
2.160331397768906932e-03
1.742332982795652451e-03
1.549742410100013196e-03
1.511699407376441854e-03
1.522743938673309884e-03
1.527927546760097588e-03
1.527667240275087934e-03
1.543294516534790594e-03
1.582390942202220683e-03
1.627786032076901238e-03
1.353382037321779544e-03
1.313164528135059034e-03
1.389474619941807225e-03
1.285008541542118033e-03
1.226158515955744471e-03
1.193376170912403269e-03
1.186168113323537434e-03
1.202866445981071218e-03
1.232677848279296797e-03
1.921858689399951218e-03
3.998860592769928543e-03
3.716736386743987961e-03
2.394362844176786340e-03
2.053426811455357891e-03
2.678792548428639893e-03
2.413901622703711926e-03
1.738874310197895861e-03
2.171850803738864868e-03
2.879772498494917281e-03
2.440936927955475802e-03
1.676987835735430522e-03
1.332990445443978838e-03
1.375841724960823837e-03
1.420143874017428974e-03
7.409270103263238157e-03
1.177574770351644089e-02
1.128420427722650297e-02
7.373745389762076906e-03
4.669808977558620976e-03
3.586002125837294604e-03
2.839809578427865498e-03
4.074078934294027635e-03
4.901596194921858420e-03
4.423832174565800121e-03
3.347919541126741054e-03
2.305323445538237995e-03
1.652584078744764959e-03
1.478889633258223145e-03
1.589402092636100355e-03
1.666316746516025146e-03
1.548110147772360865e-03
1.250590122561205534e-03
9.140889288523458079e-04
6.814987800079097156e-04
6.826112085604260507e-04
8.084580560373326149e-04
9.212746515212005176e-04
8.420458557583434525e-04
7.781223844806689971e-04
6.663715023947324985e-04
6.688172199226714810e-04
6.199372026377095472e-04
2.935695451794939279e-02
4.271543718472017165e-02
4.554073970437525626e-02
3.433279932924432343e-02
2.055825950666565274e-02
1.291708449669938009e-02
1.218887794770092715e-02
1.325599642674450684e-02
1.319111329887567852e-02
1.175267564879433138e-02
1.006548703665954836e-02
8.128326716428553589e-03
6.062724982263022894e-03
3.987222091197470918e-03
4.544561221882605952e-03
5.613618810883774964e-03
5.298801288379379089e-03
4.842572440566429541e-03
4.778280170533114740e-03
4.428624449385762905e-03
3.750402269854590832e-03
3.722542526423048941e-03
4.129397003859384963e-03
4.027761246553250400e-03
3.396442839631731280e-03
2.647672462640271798e-03
2.055268658780183468e-03
5.864282128639268683e-03
1.281590730036520284e-02
1.583406646485715705e-02
1.564362719060286011e-02
1.186960031460061391e-02
7.244972662021282109e-03
5.401143344622512561e-03
5.238635401672141895e-03
5.318238480197082924e-03
5.362567897861847746e-03
1.135728271101678344e-02
6.342634968202438134e-03
6.766996949549713980e-03
6.924406359841846562e-03
6.736731462863188025e-03
6.769409214389606431e-03
6.594444983538142076e-03
5.794961353436382974e-03
4.502901856078772233e-03
3.610675846733609265e-03
3.424887796253410152e-03
3.862457632977992633e-03
4.249601975626927756e-03
4.870970757291878152e-03
5.144899088331008827e-03
4.824378273238449921e-03
3.780566460642298572e-03
2.742219300576578984e-03
2.311394666925054280e-03
2.228679019595123170e-03
2.378110221910273697e-03
2.496859869793075816e-03
2.451180742231968447e-03
2.554997336663159414e-03
3.306748730691038037e-03
3.819461667790506609e-03
3.770271785950726328e-03
3.235103545944487992e-03
2.566152091225851455e-03
5.191685128196713364e-03
4.774918285233123103e-03
4.499890485158350439e-03
4.671591393627980149e-03
4.582135861491864158e-03
3.974535955690922627e-03
3.295840086901989478e-03
2.719171966608962404e-03
2.341974096181274022e-03
2.090371767755998689e-03
1.940214994366438149e-03
1.867055379466192686e-03
1.865090510601146888e-03
1.924955674895911621e-03
2.083063666486959821e-03
2.209850656497880546e-03
2.283848068582975017e-03
2.264642535046396381e-03
2.132703193225629623e-03
1.874188753539391631e-03
1.557045817936384812e-03
1.240246766380064848e-03
8.321363695692967450e-04
6.613738340087046931e-04
7.741229480076781359e-04
9.651629502210289091e-04
1.248745429574264721e-03
1.383238166505380623e-03
1.498061657892102091e-03
1.509948743324914747e-03
1.436951399613120486e-03
1.393643066107012191e-03
1.606952610217461013e-03
1.786853828462702225e-03
1.888007057388449818e-03
1.815274087000898207e-03
1.581063962245483337e-03
1.377322575107091558e-03
1.626783861880017144e-03
2.162319573037438467e-03
2.581749736647764859e-03
2.802043372083046387e-03
2.762868963608588677e-03
2.479538286772826720e-03
2.017070562219572261e-03
1.481710964907989028e-03
1.047264890581299252e-03
9.593145702529867151e-04
1.199839458538672380e-03
1.481530715316299249e-03
1.657113443823767657e-03
1.686624609851099590e-03
1.577376813419704765e-03
1.365021549584787735e-03
1.107810725508007708e-03
8.857645261697524473e-04
7.845477353071925435e-04
8.470075568658352264e-04
8.876733401810640465e-04
1.825752172262045921e-03
3.506867686915680904e-03
4.816345884959792600e-03
5.603865388281030133e-03
5.845103955776742403e-03
5.368538413479631566e-03
4.515918474963100809e-03
3.519501839420376057e-03
2.708273053102505656e-03
2.440804175369471092e-03
2.463999735675097367e-03
2.600944977773925627e-03
2.743634056461755413e-03
2.820264037385260963e-03
2.904978826390049607e-03
3.189527531650721438e-03
3.507165358103401555e-03
3.704291933537980173e-03
3.708466363627209612e-03
3.855261007355872006e-03
5.340878851331003381e-03
3.950682264344360269e-03
3.401957236434703571e-03
3.716242523411291115e-03
3.963774099878976387e-03
4.028817449931366979e-03
4.051177299365014972e-03
3.619449322061528331e-03
3.092300603043256040e-03
2.752793366218930088e-03
2.320999461279927255e-03
1.876887255921956630e-03
1.552754753630393057e-03
1.326745025812489783e-03
1.573372974651723443e-03
4.064893977780470284e-03
3.758597120186187197e-03
2.676243163897657189e-03
2.887670985792854198e-03
3.066048671452118336e-03
3.097093088373492967e-03
2.903622358668507021e-03
2.546241114301816579e-03
2.299528173845372461e-03
1.912435885862682995e-03
1.652133621480523151e-03
1.423635715410302531e-03
1.241677505163291031e-03
1.167495196271784363e-03
1.260421085267723722e-03
1.446554442269328868e-03
1.640201832767178769e-03
1.791793781656578731e-03
1.876023702015312518e-03
1.882810432044295258e-03
1.814571090838172553e-03
1.683040976589737911e-03
1.508028297159235169e-03
1.317365102353063554e-03
1.146751042447003701e-03
1.035037479682059417e-03
1.007077504245951303e-03
1.053278996343221842e-03
1.136740113936917426e-03
1.219328588885754171e-03
1.275006598439523816e-03
1.290157027712903045e-03
1.260859709173897582e-03
1.190748957137652275e-03
1.089786027648567603e-03
9.736903183597857281e-04
8.634330896847752703e-04
7.827923973352221608e-04
7.502176150383228596e-04
7.668802951733888268e-04
8.152004466283249012e-04
8.713391706901141157e-04
9.160264587677976371e-04
9.374396207295665777e-04
9.303982672319988231e-04
8.950848531349811553e-04
8.489699894371482980e-04
8.335227770730091901e-04
8.481338290946090945e-04
9.779649016766812399e-04
1.603512915187697407e-03
2.274354251987574169e-03
2.820279702781571408e-03
3.190419923024901631e-03
3.367206081946204355e-03
3.352570052274015441e-03
3.163650198658943952e-03
2.830876091491778095e-03
2.397865436200466698e-03
1.924848911342776471e-03
1.499981978097575646e-03
1.251599910782707874e-03
1.277619766665416719e-03
1.501508266810566618e-03
1.771854549910597751e-03
1.994189491180562313e-03
2.125170069733935650e-03
2.077031414361700783e-03
2.030706744295617504e-03
1.891041163721175712e-03
1.679644530267581249e-03
1.430291687344298649e-03
1.190229681467326042e-03
1.024054684490079354e-03
9.989189633122753324e-04
1.051893972701385075e-03
1.157662732313340017e-03
1.249685610028186331e-03
1.336412818505941123e-03
1.379698707744633681e-03
1.397259193113090060e-03
1.337112967529433634e-03
1.221390330074049839e-03
1.067370267281957195e-03
9.879807757991673767e-04
7.791281194977773671e-04
6.626098722156060399e-04
6.064399575468217398e-04
6.098287496942938167e-04
6.598213939276098214e-04
6.968875540438126568e-04
7.833048212710184977e-04
8.902750221137886071e-04
9.939075553582869555e-04
1.086287389195455611e-03
1.161332369270305035e-03
1.211985729405799057e-03
1.234348563229317047e-03
1.171404188310585896e-03
1.118619414592181283e-03
9.516468612193745716e-04
8.624322902695998050e-04
7.009116256990763436e-04
6.000953442932174505e-04
5.235799418476359433e-04
4.435186051750168745e-04
