0.0447
0.0249
0.0102
0.0086
0.0078
0.0064
0.0059
0.0053
0.0052
0.0055
0.0057
0.0057
0.0052
0.0051
0.0051
0.0052
0.0047
0.0046
0.0046
0.0044
0.0044
0.0044
0.0044
0.0044
0.0043
0.0043
0.0043
0.0043
0.0043
0.0043
0.0043
0.0043
0.0043
0.0043
0.0043
0.0043
0.0043
0.0043
0.0043
0.0043
0.0043
0.0043
0.0043
0.0042
0.0042
0.0042
0.0042
0.0042
0.0042
0.0043
0.0043
0.0043
0.0043
0.0043
0.0043
0.0043
0.0043
0.0043
0.0043
0.0043
0.0043
0.0043
0.0043
0.0043
0.0043
0.0043
0.0043
0.0043
0.0043
0.0043
0.0043
0.0043
0.0042
0.0042
0.0042
0.0042
0.0042
0.0042
0.0042
0.0042
0.0042
0.0042
0.0042
0.0042
0.0042
0.0042
0.0042
0.0042
0.0042
0.0042
0.0042
0.0042
0.0042
0.0042
0.0042
0.0042
0.0042
0.0042
0.0042
0.0042
