0.0510
0.0274
0.0099
0.0082
0.0072
0.0068
0.0065
0.0057
0.0055
0.0056
0.0056
0.0055
0.0055
0.0053
0.0053
0.0047
0.0047
0.0047
0.0047
0.0046
0.0045
0.0045
0.0045
0.0045
0.0044
0.0044
0.0043
0.0043
0.0043
0.0043
0.0043
0.0043
0.0043
0.0042
0.0042
0.0042
0.0042
0.0042
0.0042
0.0042
0.0042
0.0042
0.0041
0.0041
0.0041
0.0041
0.0042
0.0042
0.0042
0.0042
0.0042
0.0042
0.0042
0.0042
0.0042
0.0042
0.0042
0.0042
0.0042
0.0042
0.0042
0.0042
0.0042
0.0042
0.0042
0.0042
0.0042
0.0042
0.0042
0.0042
0.0042
0.0042
0.0042
0.0042
0.0042
0.0042
0.0042
0.0042
0.0042
0.0042
0.0042
0.0042
0.0042
0.0042
0.0042
0.0042
0.0042
0.0042
0.0042
0.0042
0.0042
0.0042
0.0042
0.0042
0.0042
0.0042
0.0042
0.0042
0.0042
0.0042
