0.0463
0.0237
0.0106
0.0078
0.0064
0.0058
0.0054
0.0051
0.0049
0.0048
0.0047
0.0047
0.0046
0.0045
0.0045
0.0045
0.0044
0.0044
0.0044
0.0044
0.0043
0.0043
0.0043
0.0043
0.0043
0.0043
0.0042
0.0042
0.0042
0.0042
0.0042
0.0042
0.0042
0.0042
0.0042
0.0042
0.0042
0.0042
0.0042
0.0042
0.0042
0.0042
0.0042
0.0042
0.0042
0.0042
0.0041
0.0041
0.0041
0.0041
0.0041
0.0041
0.0041
0.0041
0.0041
0.0041
0.0041
0.0041
0.0041
0.0041
0.0041
0.0041
0.0041
0.0041
0.0041
0.0041
0.0041
0.0041
0.0041
0.0041
0.0041
0.0041
0.0041
0.0041
0.0041
0.0041
0.0041
0.0041
0.0041
0.0041
0.0041
0.0041
0.0041
0.0041
0.0041
0.0041
0.0041
0.0041
0.0041
0.0041
0.0041
0.0041
0.0041
0.0041
0.0041
0.0041
0.0041
0.0041
0.0041
0.0041
