4.606511216504290296e+00
4.726050823948290125e-01
3.864838091498885575e-01
1.654882551428156212e-01
1.783532682667526847e-01
4.779887002757331887e-02
4.575343512002649771e-02
1.388135204462445371e-01
4.423612127153709467e-02
2.248989064489485129e-02
2.030751746233188867e-02
9.752039578112190604e-03
2.630165409295235571e-03
5.385777216781126482e-03
2.230958099946049600e-02
1.724518537225774167e-02
1.177026728517113069e-02
6.839395847506233445e-03
3.411845983380293150e-03
1.237819003964223943e-03
3.684265309125905798e-03
3.373491703426367231e-03
2.637518133339315871e-03
1.769834889798974163e-03
1.094104494851245307e-03
5.692311639370872247e-04
2.293450038763556376e-04
6.276200679787806295e-05
9.820330197844659708e-05
1.084712567196206173e-04
9.133025192233358808e-05
6.436205051017981091e-05
3.865945572183389670e-05
1.893197090493036540e-05
6.158972829646603179e-06
1.470348670428973775e-06
4.001416845238662905e-06
4.418751365824320202e-06
3.674033871593864161e-06
2.563796008876476494e-06
1.526505093552302608e-06
7.434366475378495154e-07
2.450106846370273155e-07
7.548063725954094642e-08
1.608848288305086438e-07
1.736387930801094917e-07
1.428353621903008916e-07
9.872062092934252588e-08
5.803659353776173459e-08
2.758181808144994372e-08
