0.0390
0.0159
0.0070
0.0055
0.0048
0.0045
0.0043
0.0042
0.0041
0.0040
0.0040
0.0040
0.0039
0.0039
0.0039
0.0039
0.0039
0.0039
0.0039
0.0039
0.0039
0.0039
0.0039
0.0039
0.0039
0.0039
0.0039
0.0039
0.0039
0.0039
0.0039
0.0039
0.0039
0.0039
0.0039
0.0039
0.0039
0.0039
0.0039
0.0039
0.0039
0.0039
0.0039
0.0039
0.0039
0.0039
0.0039
0.0039
0.0039
0.0039
0.0039
0.0039
0.0039
0.0039
0.0039
0.0039
0.0039
0.0039
0.0039
0.0039
0.0039
0.0039
0.0039
0.0039
0.0039
0.0039
0.0039
0.0039
0.0039
0.0039
0.0039
0.0039
0.0039
0.0039
0.0039
0.0039
0.0039
0.0039
0.0039
0.0039
0.0039
0.0039
0.0039
0.0039
0.0039
0.0039
0.0039
0.0039
0.0039
0.0039
0.0039
0.0039
0.0039
0.0039
0.0039
0.0039
0.0039
0.0039
0.0039
0.0039
