1.520363600770834545e+01
1.156483925430006465e+01
2.808694397112647234e+00
9.433760206057469899e-01
4.155939183428515316e-01
2.221132743754792860e-01
1.754819880879908978e-01
1.053627377304558327e-01
8.020529283887845029e-02
5.457851040917491986e-02
3.439536387569216286e-02
5.151592319146098414e-02
4.176824438942802753e-02
3.756205877735552950e-02
2.018398378120598788e-02
5.533888448528385962e-02
2.422308262351969416e-02
4.054599128278794928e-02
4.039666520227734592e-02
1.845751836086401837e-02
3.059509610580986652e-02
2.328142870687686938e-02
1.921689681317944806e-02
2.153502979275116053e-02
2.061947059650589414e-02
2.091869651272353081e-02
1.590934705977888400e-02
7.333563574121809529e-03
1.207905457226331539e-02
5.285753654086873879e-03
1.800999643074850318e-02
2.170412669325434696e-02
1.171350146336366978e-02
2.029225265147092949e-02
2.373667310588951918e-02
1.144037009738132354e-02
9.904544329499219077e-03
8.905109249837337912e-03
7.785090016213097423e-03
1.657717165275481713e-02
4.163285294738765241e-02
4.855279697847617731e-02
1.568391140144966001e-02
1.073133962888921100e-02
2.154735943199690557e-02
1.720688555891585272e-02
1.186050944004356927e-02
2.222146098965657735e-02
3.505798564908017140e-02
1.352976380946243132e-02
2.108696954546497929e-02
1.991760420247104188e-02
3.546494097906726511e-02
1.507029933778694479e-02
1.156996480458480879e-02
1.662257657237828021e-02
3.125789063330539769e-02
3.367864156920279128e-02
1.801920939291344961e-02
1.857262188435112107e-02
1.385089120035111997e-02
1.320686476539538988e-02
2.676478230503330155e-02
1.284605919170059632e-02
2.124959576481412135e-02
1.984760216403785860e-02
1.405076469443523532e-02
1.882047889037558389e-02
4.936559201638032746e-02
2.482363465173659939e-02
2.357684630993534675e-02
3.350801635862802469e-02
3.460611941470315145e-02
2.931230618555877299e-02
4.944641217033531044e-02
3.843428634726256399e-02
4.119437804850523133e-02
1.552799979217029183e-02
2.703227346756048241e-02
1.856275443957661198e-02
3.480352431256902163e-02
1.908932605795187268e-02
2.939297045793664090e-02
3.457142695074420791e-02
4.019511690213482119e-02
3.118131730724270703e-02
2.195622392489426575e-02
2.902757312503806073e-02
3.252972480165149810e-02
2.216772580904243992e-02
9.821739010199429312e-03
1.133505724442757101e-02
1.618203606034983311e-02
1.180770569302402873e-02
1.059367029790890535e-02
1.082508948153951787e-02
6.859976615066983724e-03
2.322357539280799858e-03
1.784287812608866333e-02
2.612599072309185200e-02
