2.643567309462427350e-01
7.286315474131531689e-01
4.749533987730974460e-01
2.797187731251505882e-01
4.200949816221551947e-01
2.372633283513050917e-01
1.822191551230419593e-01
2.390776285989701100e-01
2.063420944989750871e-01
1.622323224747182768e-01
1.118886081329474452e-01
7.142090444001823746e-02
2.944499122422208348e-01
1.510232000039140876e-01
8.697442041008483782e-02
1.385520037062993315e-01
1.504421258696902741e-01
1.311432094577443530e-01
9.887085966590306030e-02
6.549899862187399946e-02
3.972197461463556484e-02
3.436954039425123980e-02
3.355495520374871671e-02
3.040627351312828741e-02
3.639140471241387315e-02
2.925233591618351531e-02
2.266856296017299641e-02
2.378249489980725773e-01
1.012662525909390071e-01
6.462232902435428861e-02
6.375190156778695605e-02
8.009804438030419804e-02
8.389309149416189493e-02
5.884791599855749428e-02
4.510112185762478465e-02
3.117927632578496033e-02
2.531855199189990760e-02
3.143711728431963781e-02
2.664526428287452772e-02
3.833191727948668387e-02
4.421692335859924577e-02
3.230162935540802777e-02
2.800612407454819430e-02
1.923153715818769552e-02
1.738336705871207019e-02
2.354250415900783697e-02
1.653889927904263202e-02
2.372640500378415604e-02
2.045114583596057203e-02
5.195903817115223727e-02
5.285910817716248794e-02
2.396630230720988089e-02
1.921553659079832527e-02
1.539746795217336421e-02
1.192919502703676179e-02
1.296800801213790835e-02
1.298948979725122153e-02
9.879613090111972334e-03
8.522247111030221631e-03
7.178751920582011371e-03
5.909921636541542837e-03
6.947194920392872446e-03
2.166424248416180809e-02
4.366424576448853928e-02
2.072360839132245808e-02
1.475042510108412995e-02
9.065659540847583950e-03
8.431014900211909052e-03
8.713788522585839275e-03
6.855006504844390544e-03
7.230764028106984390e-03
1.461164688370238281e-02
9.930354107806000849e-03
6.836317540579154965e-03
4.438916441985963669e-03
8.593441512015844927e-03
6.589426721612660909e-03
5.019899511279363007e-03
3.764421285198030123e-03
1.508391164630757397e-01
8.141880069794535379e-02
8.333934044675411767e-02
3.991458361966038898e-02
4.082122177439470589e-02
3.610535953097647466e-02
2.829088589027450168e-02
2.329427779335267387e-02
2.143411401704011995e-02
1.880565205361800149e-02
1.547025841527082009e-02
1.636103882031745074e-02
1.799311511184693152e-02
2.931304911891486481e-02
2.239362633163788363e-02
1.711762881280714035e-02
1.479156858805115958e-02
2.790078913557959839e-02
2.905546599543957359e-02
2.402368199865649936e-02
3.020099238426796756e-02
2.410873980151838694e-02
1.681772489722893268e-02
1.088205056238082842e-02
8.126180323915965439e-03
9.648028479277282257e-03
1.252402406929448153e-02
1.141456026525958928e-02
3.417029032724379356e-02
2.556113219199734193e-02
1.782082426175984544e-02
1.463546246480262880e-02
1.145991840629124320e-02
8.011084863247206270e-03
6.466061087479697475e-03
7.548750062802123649e-03
6.898823408808761257e-03
5.675896946079310099e-03
4.754538688099202610e-03
4.858721754417602047e-03
4.435224223363383109e-03
3.225685832554184285e-03
3.852648241420575988e-03
7.569024511528621262e-03
8.147444182714637037e-03
7.166368598323774423e-03
4.133918642853711550e-02
1.764487213900195473e-02
1.648480206643742826e-02
1.323877314309715968e-02
8.406582045028586012e-03
4.512906460486413446e-03
4.244619808942452777e-03
5.906453371536364051e-03
6.686791020200750883e-03
6.204602019812735687e-03
5.057892357346004814e-03
8.652556503189480150e-03
9.996410071311296122e-03
7.941279279672870672e-03
9.095146306552979315e-03
8.705585482495276431e-03
7.098384731910161068e-03
5.772683219746973030e-03
4.833368885144160437e-03
4.762519033447909153e-03
4.220220514224387251e-03
6.391650201588724468e-03
6.765270772758644711e-03
5.127750062903712117e-03
9.749374681368676646e-03
1.105815002294013513e-02
8.855348524170811655e-03
7.129303549403339692e-03
6.246921865027460150e-03
5.016132207796452323e-03
3.609915234623255285e-03
2.892041896749795223e-03
3.195760891433001814e-03
3.392567899274084430e-03
3.272750816696834777e-03
2.959656872153459007e-03
3.428563683156748542e-03
6.516105899832535207e-03
6.337953760944682602e-03
4.577395634295184680e-03
3.313648740739902343e-03
2.940340549293784123e-03
2.721883228709191371e-03
2.506682325070192213e-03
2.328003882451897075e-03
2.095397219239223709e-03
1.796809153784617976e-03
1.554321933522405429e-03
3.053620450538310424e-02
1.317594796591980283e-02
1.396650525455062596e-02
1.399724165241777139e-02
1.211928132518982036e-02
9.436199328309894177e-03
7.676194465825685216e-03
5.533124666772234156e-03
3.451392705711853713e-03
3.263673735703759987e-03
7.270618089983807257e-03
2.911372393422465704e-02
1.008688229812813586e-01
1.094050669112684726e-01
7.641599588984640534e-02
4.151374120110172539e-02
1.527868463287968513e-02
1.731269144265195833e-02
1.711427881283015401e-02
1.495064231434802167e-02
1.119979062801854282e-02
7.724061097478036875e-03
6.372466579525250946e-03
5.138869458044328063e-03
4.291073009496782983e-03
3.530033417227917709e-03
3.314286689257974535e-03
2.822680896270797317e-03
2.526867610219636455e-03
2.219736292110760859e-03
2.309115307258193753e-03
1.686766382246402849e-03
1.630420316689723537e-03
1.510093708032458513e-03
1.656051215909006133e-03
1.429352733431283207e-03
1.164203304844642524e-03
9.949203245334351138e-04
8.485278994652005252e-04
8.508059878694802791e-04
7.794567755724308078e-04
8.054437514697858997e-04
7.656163834785553301e-04
6.947684778948993393e-04
6.769358070871153840e-04
1.188010329312651128e-03
7.468333392237758292e-04
6.765126336686826201e-04
1.286149858229443561e-03
7.734614377645498973e-04
4.860026010976662976e-04
