0.9983
0.9867
0.9742
0.9604
0.9135
0.8800
0.8446
0.8056
0.7637
0.7227
0.6844
0.6497
0.5768
0.5404
0.5076
0.4763
0.4468
0.4195
0.3947
0.3728
0.3537
0.3364
0.3209
0.3068
0.2939
0.2822
0.2713
0.2446
0.2338
0.2218
0.2105
0.1997
0.1897
0.1807
0.1725
0.1652
0.1585
0.1523
0.1466
0.1414
0.1366
0.1324
0.1284
0.1248
0.1213
0.1180
0.1149
0.1120
0.1093
0.1067
0.1046
0.1027
0.1008
0.0990
0.0972
0.0955
0.0938
0.0922
0.0906
0.0891
0.0877
0.0863
0.0849
0.0838
0.0828
0.0819
0.0809
0.0799
0.0790
0.0781
0.0772
0.0763
0.0754
0.0746
0.0738
0.0731
0.0723
0.0715
0.0708
0.0674
0.0670
0.0664
0.0657
0.0649
0.0640
0.0631
0.0622
0.0612
0.0603
0.0595
0.0586
0.0578
0.0571
0.0564
0.0557
0.0551
0.0545
0.0539
0.0535
0.0530
0.0525
0.0520
0.0516
0.0512
0.0508
0.0503
0.0499
0.0495
0.0492
0.0489
0.0487
0.0484
0.0481
0.0478
0.0475
0.0472
0.0470
0.0467
0.0464
0.0461
0.0459
0.0456
0.0454
0.0451
0.0449
0.0446
0.0445
0.0444
0.0442
0.0441
0.0439
0.0437
0.0436
0.0434
0.0433
0.0431
0.0430
0.0428
0.0427
0.0425
0.0424
0.0423
0.0422
0.0420
0.0419
0.0418
0.0416
0.0415
0.0414
0.0413
0.0411
0.0410
0.0409
0.0408
0.0407
0.0406
0.0405
0.0404
0.0403
0.0402
0.0401
0.0400
0.0399
0.0398
0.0397
0.0396
0.0395
0.0394
0.0393
0.0392
0.0391
0.0390
0.0389
0.0388
0.0388
0.0387
0.0387
0.0386
0.0386
0.0385
0.0385
0.0384
0.0384
0.0384
0.0383
0.0393
0.0394
0.0390
0.0386
0.0384
0.0382
0.0382
0.0382
0.0383
0.0383
0.0383
0.0383
0.0383
0.0383
0.0383
0.0383
0.0383
0.0383
0.0383
0.0383
0.0383
0.0383
0.0383
0.0383
0.0383
0.0383
0.0383
0.0383
0.0383
0.0383
0.0383
0.0383
0.0383
0.0383
0.0383
0.0383
0.0383
0.0383
0.0383
