0.1251
0.1231
0.0773
0.0564
0.0465
0.0383
0.0345
0.0338
0.0338
0.0328
0.0320
0.0310
0.0310
0.0310
0.0316
0.0342
0.0349
0.0349
0.0351
0.0351
0.0354
0.0354
0.0354
0.0354
0.0324
0.0324
0.0324
0.0324
0.0324
0.0324
0.0324
0.0324
0.0308
0.0308
0.0308
0.0308
0.0308
0.0308
0.0308
0.0308
0.0308
0.0308
0.0308
0.0308
0.0310
0.0310
0.0310
0.0310
0.0310
0.0310
0.0310
0.0310
0.0310
0.0310
0.0310
0.0310
0.0310
0.0312
0.0312
0.0312
0.0312
0.0312
0.0312
0.0312
0.0312
0.0312
0.0312
0.0312
0.0312
0.0312
0.0312
0.0312
0.0312
0.0312
0.0312
0.0312
0.0312
0.0312
0.0312
0.0312
0.0312
0.0312
0.0312
0.0312
0.0312
0.0312
0.0312
0.0312
0.0312
0.0312
0.0312
0.0312
0.0312
0.0312
0.0312
0.0312
0.0312
0.0312
0.0312
0.0312
