0.1130
0.1137
0.0736
0.0527
0.0419
0.0362
0.0334
0.0324
0.0324
0.0323
0.0312
0.0307
0.0307
0.0307
0.0310
0.0312
0.0352
0.0332
0.0334
0.0334
0.0334
0.0334
0.0334
0.0322
0.0322
0.0322
0.0324
0.0324
0.0324
0.0324
0.0324
0.0324
0.0324
0.0324
0.0324
0.0324
0.0324
0.0324
0.0323
0.0323
0.0323
0.0323
0.0323
0.0323
0.0323
0.0320
0.0320
0.0320
0.0320
0.0320
0.0320
0.0320
0.0320
0.0320
0.0320
0.0320
0.0320
0.0320
0.0320
0.0320
0.0320
0.0320
0.0320
0.0320
0.0320
0.0320
0.0320
0.0320
0.0320
0.0320
0.0320
0.0320
0.0312
0.0312
0.0312
0.0312
0.0312
0.0312
0.0312
0.0312
0.0312
0.0312
0.0312
0.0312
0.0312
0.0312
0.0312
0.0312
0.0312
0.0312
0.0312
0.0312
0.0312
0.0312
0.0312
0.0312
0.0312
0.0312
0.0312
0.0312
