0.1027
0.1153
0.0817
0.0627
0.0509
0.0452
0.0417
0.0400
0.0390
0.0384
0.0381
0.0379
0.0378
0.0377
0.0377
0.0376
0.0376
0.0376
0.0376
0.0376
0.0376
0.0376
0.0376
0.0376
0.0376
0.0376
0.0375
0.0375
0.0375
0.0375
0.0375
0.0375
0.0375
0.0375
0.0375
0.0375
0.0375
0.0375
0.0375
0.0375
0.0375
0.0375
0.0375
0.0375
0.0375
0.0375
0.0375
0.0375
0.0375
0.0375
0.0375
0.0375
0.0375
0.0375
0.0375
0.0375
0.0375
0.0375
0.0375
0.0375
0.0375
0.0375
0.0375
0.0375
0.0375
0.0375
0.0375
0.0375
0.0375
0.0375
0.0375
0.0375
0.0375
0.0375
0.0375
0.0375
0.0375
0.0375
0.0375
0.0375
0.0375
0.0375
0.0375
0.0375
0.0375
0.0375
0.0375
0.0375
0.0375
0.0375
0.0375
0.0375
0.0375
0.0375
0.0375
0.0375
0.0375
0.0375
0.0375
0.0375
