0.0951
0.0989
0.0669
0.0475
0.0379
0.0330
0.0309
0.0299
0.0294
0.0291
0.0289
0.0287
0.0287
0.0286
0.0286
0.0286
0.0286
0.0286
0.0285
0.0285
0.0285
0.0285
0.0285
0.0285
0.0285
0.0285
0.0285
0.0285
0.0285
0.0285
0.0285
0.0285
0.0285
0.0285
0.0285
0.0285
0.0285
0.0285
0.0285
0.0285
0.0285
0.0285
0.0285
0.0285
0.0285
0.0285
0.0285
0.0285
0.0285
0.0285
0.0285
0.0285
0.0285
0.0285
0.0285
0.0285
0.0285
0.0285
0.0285
0.0285
0.0285
0.0285
0.0285
0.0285
0.0285
0.0285
0.0285
0.0285
0.0285
0.0285
0.0285
0.0285
0.0285
0.0285
0.0285
0.0285
0.0285
0.0285
0.0285
0.0285
0.0285
0.0285
0.0285
0.0285
0.0285
0.0285
0.0285
0.0285
0.0285
0.0285
0.0285
0.0285
0.0285
0.0285
0.0285
0.0285
0.0285
0.0285
0.0285
0.0285
