5.473303555634459805e+00
7.567518231404490869e+00
5.319716465696944674e+00
3.531794052867724076e+00
2.124539965264406138e+00
1.314674476810997250e+00
7.319318923367960084e-01
4.449569604511716681e-01
2.585743457061970840e-01
1.392202190993176991e-01
7.594703743911668248e-02
4.073293063655154117e-02
2.603327158102492281e-02
1.883435913203690415e-02
2.071077857236836364e-02
1.566700984308252997e-02
1.155662660511653887e-02
1.990632249889928013e-02
1.490459345345649007e-02
3.170273247077332046e-02
1.231577537770632384e-02
1.339329151685437688e-02
8.643316963867489142e-03
6.938366606612273065e-03
1.148755000253847205e-02
6.078824837889944092e-03
1.162590121127312671e-02
9.369521200535415109e-03
6.212343000950477923e-03
1.530789760180167360e-02
1.169412595060754373e-02
1.295259480538424844e-02
3.743851703336724228e-03
4.995723459499761682e-03
4.432521086525423142e-03
2.521877804780237736e-03
5.279021417338240416e-03
1.830301349954434461e-03
1.660381191081311200e-03
1.390645298505512658e-03
1.347960263504553073e-03
4.772313946831845816e-03
6.344915568717642007e-03
5.414181206818411037e-03
3.660314016168729999e-03
4.637960286882733714e-03
5.438728479250439993e-03
4.604352497476500890e-03
1.113885340573056741e-03
8.961237193913027931e-04
4.404917096733952826e-03
6.184671294735666520e-03
7.552339844199416896e-03
8.040786182225706166e-03
4.647231041161840361e-03
2.021677792847191915e-03
1.279763827245606602e-03
9.855610326959202225e-04
9.598413921130196941e-04
9.899933127718270939e-04
1.082708582363406564e-03
9.149572848717228788e-04
9.274965894545536202e-04
3.908076852207143306e-03
9.052904421254455436e-03
1.039791420888308907e-02
9.495844838699626922e-03
7.333660841296666538e-03
3.094690551376803791e-03
1.228601815712302564e-03
6.111557764872069427e-04
5.093012206949123046e-04
4.620611782539200811e-04
4.087218692867330559e-04
3.642772607853006169e-04
3.290035546366368237e-04
2.995822318380044749e-04
7.269777996025933442e-03
2.693385025023988053e-03
1.738004518105893499e-03
5.154478161866289567e-04
2.814786653435437597e-04
3.082369006452768175e-04
3.069886957822529484e-04
2.756969322331225903e-04
1.995795131329747285e-03
1.292167353610393886e-03
7.464939369705276238e-04
1.722743785963367410e-03
1.327833056605374302e-03
1.280520338344413736e-03
1.441113836232164620e-03
1.237116207231058395e-03
1.442719846298323163e-03
1.230104074641436788e-03
7.081294420739871675e-04
1.780151607990167325e-03
1.073079937059213430e-03
6.748787971820404980e-04
2.078232678964288607e-03
