0.3587
0.5845
0.5973
0.6177
0.6329
0.6450
0.6551
0.6634
0.6704
0.6762
0.6812
0.6857
0.6895
0.6928
0.6955
0.6978
0.6998
0.7015
0.7029
0.7041
0.7051
0.7060
0.7068
0.7074
0.7080
0.7085
0.7089
0.7093
0.7096
0.7098
0.7100
0.7102
0.7104
0.7105
0.7106
0.7108
0.7108
0.7109
0.7110
0.7110
0.7111
0.7111
0.7112
0.7112
0.7112
0.7112
0.7113
0.7113
0.7113
0.7113
0.7113
0.7113
0.7113
0.7113
0.7113
0.7113
0.7113
0.7113
0.7113
0.7114
0.7114
0.7114
0.7114
0.7114
0.7114
0.7114
0.7114
0.7114
0.7114
0.7114
0.7114
0.7114
0.7114
0.7114
0.7114
0.7114
0.7114
0.7114
0.7114
0.7114
0.7114
0.7114
0.7114
0.7114
0.7114
0.7114
0.7114
0.7114
0.7114
0.7114
0.7114
0.7114
0.7114
0.7114
0.7114
0.7114
0.7114
0.7114
0.7114
0.7114
