1.0000
0.7861
0.7480
0.7546
0.7258
0.7254
0.7261
0.7259
0.7485
0.7248
0.7248
0.7248
0.7248
0.7268
0.7252
0.7252
0.7252
0.7252
0.7252
0.7252
0.7252
0.7252
0.7252
0.7252
0.7252
0.7252
0.7252
0.7252
0.7252
0.7252
0.7252
0.7252
0.7252
0.7252
0.7252
0.7252
0.7252
0.7252
0.7252
0.7252
0.7252
0.7252
0.7252
0.7252
0.7252
0.7252
0.7252
0.7252
0.7252
0.7252
0.7252
0.7252
0.7252
0.7252
0.7252
0.7252
0.7252
0.7252
0.7252
0.7252
0.7252
0.7252
0.7252
0.7252
0.7252
0.7252
0.7252
0.7252
0.7252
0.7252
0.7252
0.7252
0.7252
0.7252
0.7252
0.7252
0.7252
0.7252
0.7252
0.7252
0.7252
0.7252
0.7252
0.7252
0.7252
0.7252
0.7252
0.7252
0.7252
0.7252
0.7252
0.7252
0.7252
0.7252
0.7252
0.7252
0.7252
0.7252
0.7252
0.7252
