0.9577
0.7958
0.7473
0.7699
0.7668
0.7466
0.7486
0.7485
0.7248
0.7238
0.7238
0.7238
0.7238
0.7233
0.7268
0.7268
0.7268
0.7268
0.7261
0.7261
0.7261
0.7261
0.7261
0.7261
0.7261
0.7268
0.7268
0.7268
0.7268
0.7268
0.7268
0.7268
0.7268
0.7268
0.7268
0.7268
0.7268
0.7268
0.7268
0.7268
0.7268
0.7268
0.7268
0.7268
0.7268
0.7268
0.7268
0.7268
0.7268
0.7268
0.7268
0.7268
0.7268
0.7268
0.7268
0.7268
0.7268
0.7268
0.7268
0.7268
0.7268
0.7268
0.7268
0.7268
0.7268
0.7268
0.7268
0.7268
0.7268
0.7268
0.7268
0.7268
0.7268
0.7268
0.7268
0.7268
0.7268
0.7268
0.7268
0.7268
0.7268
0.7268
0.7268
0.7268
0.7268
0.7268
0.7268
0.7268
0.7268
0.7268
0.7268
0.7268
0.7268
0.7268
0.7268
0.7268
0.7268
0.7268
0.7268
0.7268
