0.3736
0.5674
0.6049
0.6424
0.6725
0.6946
0.7133
0.7299
0.7446
0.7570
0.7672
0.7766
0.7848
0.7921
0.7985
0.8042
0.8094
0.8139
0.8181
0.8218
0.8252
0.8284
0.8312
0.8338
0.8362
0.8383
0.8403
0.8420
0.8436
0.8451
0.8465
0.8478
0.8490
0.8501
0.8511
0.8520
0.8529
0.8537
0.8544
0.8551
0.8557
0.8563
0.8569
0.8574
0.8578
0.8583
0.8587
0.8590
0.8594
0.8597
0.8600
0.8603
0.8605
0.8608
0.8610
0.8612
0.8614
0.8616
0.8617
0.8619
0.8620
0.8622
0.8623
0.8624
0.8625
0.8626
0.8627
0.8628
0.8629
0.8629
0.8630
0.8631
0.8631
0.8632
0.8633
0.8633
0.8633
0.8634
0.8634
0.8635
0.8635
0.8635
0.8636
0.8636
0.8636
0.8637
0.8637
0.8637
0.8637
0.8638
0.8638
0.8638
0.8638
0.8638
0.8638
0.8638
0.8639
0.8639
0.8639
0.8639
