2.042090002737192833e+01
1.154864385815013073e+01
9.640160579784900818e+00
8.331417972436780062e+00
7.215224827201826230e+00
6.435923651966463765e+00
5.780012373006959692e+00
5.190356970289473182e+00
4.665669207660051221e+00
4.223772852733664429e+00
3.856846518135705448e+00
3.508297932362458127e+00
3.205011583213941861e+00
2.930656517665864325e+00
2.687517823895997360e+00
2.468095769858614119e+00
2.270190365952983402e+00
2.091451895254422766e+00
1.929157738520151266e+00
1.780481555570836871e+00
1.642921012592473140e+00
1.516527358881100129e+00
1.400985322921551646e+00
1.295162235355835412e+00
1.198142000401592355e+00
1.109188561424103936e+00
1.028010663211711639e+00
9.542245406212304104e-01
8.864230749968045053e-01
8.237750019622535058e-01
7.653926588214535753e-01
7.108364582479128613e-01
6.603667732201803364e-01
6.135641762408549083e-01
5.702101274322194380e-01
5.298871040389048215e-01
4.925945296120439743e-01
4.579044696054987429e-01
4.257793991583908588e-01
3.960617468896867055e-01
3.684482010111034822e-01
3.427557401937056936e-01
3.188207281802161175e-01
2.965589790953093163e-01
2.760275698103455966e-01
2.570060487054875997e-01
2.393234115044526877e-01
2.228934229773728570e-01
2.076318294969117517e-01
1.934675206131298286e-01
1.803140452397143656e-01
1.681036750864136342e-01
1.568564347796061464e-01
1.463034936215037995e-01
1.365151354933486494e-01
1.274302977806863191e-01
1.190002485868793397e-01
1.111565618650913051e-01
1.039059344743107349e-01
9.729512277426220768e-02
9.096260311379178454e-02
8.511287456905276827e-02
7.964377454872871576e-02
7.455637117434811556e-02
6.982544355296362026e-02
6.541948204390778121e-02
6.130901237132227455e-02
5.748498724004170307e-02
5.390881061716045614e-02
5.057092060457363258e-02
4.745162884603208037e-02
4.452922060945568861e-02
4.178841956876347408e-02
3.922280441639416915e-02
3.676850752016318918e-02
3.449113333920245800e-02
3.300785030228609029e-02
3.094540522615097516e-02
2.892665754959666130e-02
2.691505047367637529e-02
2.487356240319715112e-02
2.287240402472833639e-02
2.075122054469142469e-02
1.921824202395122985e-02
1.788407768592876340e-02
1.664173332937560201e-02
1.550459621861938891e-02
1.444477691991348511e-02
1.345943082058386094e-02
1.254425261658789932e-02
1.169423495440464686e-02
1.090349284127550833e-02
1.016726844537937761e-02
9.481311852083272942e-03
8.841849741189216488e-03
8.245534538892091217e-03
7.689388465107894165e-03
7.170692953795995521e-03
6.686933297005736784e-03
6.235770617290583955e-03
