0.9994
0.9879
0.9719
0.9618
0.9523
0.9004
0.8694
0.8406
0.8107
0.7852
0.7564
0.7273
0.7021
0.6815
0.6632
0.6466
0.6310
0.6160
0.6014
0.5882
0.5750
0.5622
0.5498
0.5396
0.5311
0.4821
0.4770
0.4717
0.4693
0.4669
0.4623
0.4556
0.4474
0.4383
0.4313
0.4249
0.4210
0.4194
0.4191
0.4190
0.4191
0.4194
0.4195
0.4197
0.4196
0.4195
0.4192
0.4188
0.4183
0.4180
0.4176
0.4173
0.4170
0.4168
0.4165
0.4164
0.4162
0.4159
0.4157
0.4154
0.4154
0.4153
0.4152
0.4152
0.4151
0.4150
0.4150
0.4149
0.4148
0.4147
0.4145
0.4145
0.4144
0.4143
0.4143
0.4143
0.4143
0.4143
0.4142
0.4141
0.4140
0.4140
0.4139
0.4138
0.4137
0.4136
0.4136
0.4136
0.4135
0.4135
0.4134
0.4134
0.4134
0.4135
0.4134
0.4134
0.4133
0.4133
0.4132
0.4132
0.4132
0.4131
0.4132
0.4131
0.4130
0.4130
0.4130
0.4130
0.4129
0.4129
0.4129
0.4129
0.4128
0.4128
0.4128
0.4128
0.4128
0.4127
0.4127
0.4127
0.4126
0.4126
0.4126
0.4125
0.4125
0.4125
0.4125
0.4126
0.4125
0.4125
0.4125
0.4124
0.4124
0.4124
0.4123
0.4123
0.4123
0.4122
0.4122
0.4123
0.4123
0.4122
0.4122
0.4122
0.4122
0.4121
0.4121
0.4122
0.4121
0.4121
0.4121
0.4121
0.4121
0.4120
0.4120
0.4121
0.4120
0.4120
0.4120
0.4120
0.4120
0.4119
0.4119
0.4119
0.4119
0.4119
0.4119
0.4119
0.4118
0.4119
0.4119
0.4119
0.4119
0.4119
0.4119
0.4118
0.4118
0.4118
0.4119
0.4118
0.4118
0.4118
0.4117
0.4117
0.4118
0.4117
0.4117
0.4118
0.4117
0.4117
0.4117
0.4117
0.4117
0.4117
0.4117
0.4117
0.4117
0.4116
0.4116
0.4117
0.4117
0.4117
0.4117
0.4116
0.4116
0.4116
0.4116
0.4117
0.4116
0.4116
0.4116
0.4116
0.4116
0.4116
0.4116
0.4116
0.4116
0.4116
0.4116
0.4116
0.4116
0.4116
0.4116
0.4116
0.4116
0.4116
0.4116
0.4116
0.4116
0.4116
0.4116
0.4116
0.4115
0.4115
0.4115
