2.905831597282531042e-01
7.604233358334728798e-01
7.445781534447020178e-01
4.693339233321610071e-01
2.689192256875743148e-01
3.760882451217137379e-01
2.526411909987231752e-01
2.138040390011355651e-01
4.207912085046149331e-01
2.445676905414527202e-01
2.145769947099754327e-01
2.249847394775263687e-01
2.277327201654260891e-01
1.178575273147007413e-01
1.014733227793443715e-01
7.956916352245446689e-02
7.639953692226582327e-02
7.756579543806306487e-02
8.066389964435642657e-02
6.654660423801962710e-02
5.481275548627594085e-02
5.361276129306291605e-02
8.604029251967368341e-02
7.486098579646431606e-02
4.017597311510098801e-02
3.665527581541082602e-01
2.582503428214620866e-01
2.337504906666708349e-01
1.432922645704400866e-01
9.446638970269001512e-02
8.662573049866729991e-02
1.037108632799517566e-01
9.799580120398643235e-02
1.906331870896251501e-01
9.818739614266902560e-02
1.753704994773387926e-01
1.646570751504622954e-01
1.002180588167911196e-01
8.074501102484248072e-02
6.332859652786683446e-02
4.326587408008423369e-02
3.864302069220666713e-02
3.136440307497047331e-02
3.298007855467704336e-02
3.162490771316175259e-02
2.947135541085082328e-02
2.439587579769690248e-02
2.258676058476316931e-02
1.464846752848561820e-02
1.520288979847759549e-02
1.465101779182147353e-02
1.540215817226815373e-02
1.310581535249070138e-02
1.919528090410801621e-02
1.655517739602499483e-02
1.320205583468917962e-02
1.911755766980106561e-02
1.203090465591291278e-02
1.640680224822806468e-02
1.500683099486321143e-02
1.129758899267695703e-02
1.121036046447028943e-02
1.284447758908936754e-02
1.008722474618423993e-02
9.337405807671866897e-03
1.110040046294455233e-02
9.265496940985737048e-03
9.496902121084243101e-03
9.370293005718177692e-03
8.532565407855186024e-03
8.468478962846824609e-03
6.927729026890437451e-03
5.739790759237871180e-03
8.300159085661102873e-03
6.664175428204863541e-03
9.943903829280922174e-03
7.442674279592178220e-03
6.316089008642734523e-03
5.430690664906528443e-03
4.811562983652002863e-03
6.663280837413331978e-03
4.286740565881383240e-03
6.806149293902830077e-03
5.553403471472185236e-03
5.650821861405050037e-03
5.880490521919805487e-03
6.239079755594048073e-03
5.424125931000276998e-03
4.326964179380934569e-03
3.285684124862933882e-03
4.492119306303827934e-03
3.831392191546902776e-03
4.641739379028480238e-03
7.177015711313278375e-03
5.328051934325478411e-03
6.043066405578998920e-03
5.234332771558809425e-03
5.094674068179645514e-03
4.788949545480898976e-03
4.595069843805719978e-03
4.465075736830644883e-03
3.967393880301472824e-03
3.262384801957479707e-03
2.721298456404244292e-03
2.595634942148456348e-03
2.920182243777345431e-03
2.685470374734384713e-03
2.170337918908547391e-03
1.805212941155427946e-03
2.016381459050385194e-03
1.650666672349687496e-03
1.436996690721146575e-03
1.712883824231963611e-03
1.210648036955825919e-03
1.029357029644755025e-03
9.524172197955081817e-04
9.866083965699731870e-04
1.562972949715461368e-03
1.277219919936409829e-03
1.115088150310140393e-03
1.379788873086473626e-03
1.029840925096506092e-03
1.484639158782569829e-03
7.917829745201760252e-04
2.971540682854930532e-03
3.338602471669815160e-03
4.582250059780941867e-03
3.901005730122160137e-03
3.290276301555210021e-03
3.403511043671260308e-03
2.523372008890622034e-03
2.236666103318320480e-03
2.053072942474574916e-03
1.580676553223354106e-03
1.264191755128810189e-03
1.568028243512903808e-03
1.095344415148346304e-03
3.201698672643591651e-03
3.533476001579221367e-03
3.420367782514097035e-03
3.278149419665693422e-03
3.309362542975836322e-03
2.788952166373351652e-03
2.786744282037224591e-03
2.299125601229594276e-03
2.422185332449533924e-03
1.851013058142364064e-03
2.045123708873561232e-03
1.402745184882603748e-03
1.743278430328359333e-03
1.075521281909475654e-03
1.638659563129901426e-03
9.472052112815006588e-04
1.556391427046220719e-03
7.803673820049819186e-04
1.512870134680195959e-03
6.851045794274078201e-04
1.482543126226689486e-03
7.381495854333647733e-04
1.098683002443312734e-03
3.615753970547882709e-03
3.177795591001549534e-03
2.771840633263577668e-03
2.604738286190193611e-03
2.903779335297514575e-03
2.928990542239584202e-03
2.683079148597067483e-03
2.577109557260568156e-03
2.655989043139498143e-03
2.239171266806508614e-03
1.836445050590493518e-03
1.606251756069971767e-03
1.470582158660332928e-03
1.373471920452710819e-03
1.253286767255827388e-03
1.587166867107862173e-03
1.127236948619261478e-03
8.525581600262857390e-04
1.524622554068642746e-03
9.937902621917245327e-04
6.249448375932462789e-04
1.272002220711370346e-03
8.952174978730289548e-04
7.037666457384826341e-04
1.693361367695353330e-03
1.274622404346940473e-03
9.700359334423095097e-04
1.537511819288578255e-03
1.205703651558567759e-03
9.057457174620496326e-04
2.959832568880930125e-03
2.348590567963587412e-03
1.828993640486103068e-03
2.127610605798462874e-03
1.618669004412470486e-03
1.490060835523780020e-03
2.035481379733745325e-03
2.489135812126885665e-03
1.911929209668888950e-03
1.573548957027180511e-03
1.844109196688086417e-03
1.223560132340269441e-03
9.764774399929489852e-04
1.618846877872807824e-03
1.012406883943720720e-03
7.530454899977620216e-04
7.219539848443551604e-04
2.167650675952445191e-03
1.603703405187957782e-03
1.332006506649737300e-03
1.904605764665005764e-03
1.702440977809983316e-03
1.395948920927924351e-03
1.808898082241401162e-03
1.180868537629915262e-03
9.081249854750771469e-04
1.653698117921904116e-03
8.977251491364557226e-04
5.841282439894828621e-04
1.632826956295079781e-03
8.339302232993933868e-04
1.556259859204913321e-03
1.648418042491308884e-03
1.255774565769324268e-03
1.742192380505708151e-03
1.302035577028679827e-03
1.316192815677466642e-03
1.421927517978055109e-03
9.466768448240384451e-04
7.516505901601815490e-04
6.537246162287804101e-04
1.348130228260183659e-03
7.910022055421934680e-04
6.820522666904671764e-04
3.844385149675338606e-04
