1.0000
0.9803
0.9775
0.9732
0.9731
0.9741
0.9723
1.0000
0.9748
0.9726
0.9741
0.9731
0.9711
0.9711
0.9711
0.9722
0.9722
0.9722
0.9722
0.9722
0.9722
0.9722
0.9722
0.9722
0.9732
0.9730
0.9730
0.9730
0.9730
0.9720
0.9720
0.9720
0.9720
0.9720
0.9720
0.9720
0.9720
0.9720
0.9720
0.9720
0.9720
0.9720
0.9720
0.9720
0.9720
0.9720
0.9720
0.9720
0.9720
0.9720
0.9720
0.9720
0.9720
0.9720
0.9720
0.9720
0.9720
0.9720
0.9720
0.9720
0.9720
0.9720
0.9720
0.9720
0.9720
0.9720
0.9720
0.9720
0.9720
0.9720
0.9720
0.9720
0.9720
0.9720
0.9720
0.9720
0.9720
0.9720
0.9720
0.9720
0.9722
0.9722
0.9722
0.9722
0.9722
0.9722
0.9722
0.9722
0.9722
0.9722
0.9722
0.9722
0.9722
0.9722
0.9722
0.9722
0.9722
0.9722
0.9722
0.9722
