1.0000
1.0000
0.9788
0.9755
0.9730
0.9729
0.9718
1.0000
0.9746
0.9728
0.9728
0.9718
0.9714
0.9714
0.9714
0.9714
0.9714
0.9714
0.9714
0.9713
0.9713
0.9713
0.9713
0.9724
0.9724
0.9724
0.9724
0.9714
0.9714
0.9714
0.9714
0.9714
0.9714
0.9714
0.9714
0.9714
0.9714
0.9714
0.9714
0.9714
0.9714
0.9714
0.9714
0.9714
0.9714
0.9714
0.9714
0.9714
0.9714
0.9714
0.9714
0.9714
0.9714
0.9714
0.9714
0.9714
0.9714
0.9714
0.9714
0.9714
0.9714
0.9714
0.9714
0.9714
0.9714
0.9714
0.9714
0.9714
0.9714
0.9714
0.9714
0.9714
0.9714
0.9714
0.9714
0.9714
0.9714
0.9714
0.9714
0.9714
0.9717
0.9717
0.9717
0.9717
0.9717
0.9717
0.9717
0.9717
0.9717
0.9717
0.9717
0.9717
0.9717
0.9717
0.9717
0.9717
0.9717
0.9717
0.9717
0.9717
