0.4556
0.7093
0.7365
0.7696
0.7931
0.8116
0.8260
0.8382
0.8486
0.8572
0.8645
0.8705
0.8756
0.8799
0.8837
0.8870
0.8898
0.8923
0.8944
0.8963
0.8980
0.8995
0.9008
0.9019
0.9030
0.9039
0.9047
0.9055
0.9061
0.9067
0.9072
0.9077
0.9081
0.9085
0.9088
0.9091
0.9094
0.9096
0.9098
0.9100
0.9102
0.9104
0.9105
0.9106
0.9107
0.9108
0.9109
0.9110
0.9111
0.9112
0.9112
0.9113
0.9113
0.9114
0.9114
0.9114
0.9115
0.9115
0.9115
0.9115
0.9116
0.9116
0.9116
0.9116
0.9116
0.9116
0.9116
0.9117
0.9117
0.9117
0.9117
0.9117
0.9117
0.9117
0.9117
0.9117
0.9117
0.9117
0.9117
0.9117
0.9117
0.9117
0.9117
0.9117
0.9117
0.9117
0.9117
0.9117
0.9117
0.9117
0.9117
0.9117
0.9117
0.9117
0.9117
0.9117
0.9117
0.9117
0.9117
0.9117
